"subj","order","condition","item","rating","rt","age","gender","motherTongue","dialect","parents","oppvekst","highestEd","ling","zscores"
"02a8dabfa124ecccc8e6dd2ec3fa3d40",144,"LongAdjunctNoIsl",54,5,12790,24,"F","norsk","Trøndersk","norsk","norsk","BA","N",0.408260249753496
"02a8dabfa124ecccc8e6dd2ec3fa3d40",313,"BF",207,1,10476,24,"F","norsk","Trøndersk","norsk","norsk","BA","N",-1.72725490280325
"02a8dabfa124ecccc8e6dd2ec3fa3d40",72,"LongFordiNoIsl",7,2,7198,24,"F","norsk","Trøndersk","norsk","norsk","BA","N",-1.19337611466406
"02a8dabfa124ecccc8e6dd2ec3fa3d40",295,"BF",321,2,7882,24,"F","norsk","Trøndersk","norsk","norsk","BA","N",-1.19337611466406
"02a8dabfa124ecccc8e6dd2ec3fa3d40",186,"LongAdjunctIsl",64,4,9028,24,"F","norsk","Trøndersk","norsk","norsk","BA","N",-0.125618538385691
"02a8dabfa124ecccc8e6dd2ec3fa3d40",310,"BF",204,4,11490,24,"F","norsk","Trøndersk","norsk","norsk","BA","N",-0.125618538385691
"02a8dabfa124ecccc8e6dd2ec3fa3d40",133,"ShortAdjunctIsl",50,7,14056,24,"F","norsk","Trøndersk","norsk","norsk","BA","N",1.47601782603187
"02a8dabfa124ecccc8e6dd2ec3fa3d40",171,"ShortAdjunctNoIsl",61,6,8025,24,"F","norsk","Trøndersk","norsk","norsk","BA","N",0.942139037892683
"02a8dabfa124ecccc8e6dd2ec3fa3d40",302,"BF",328,2,8616,24,"F","norsk","Trøndersk","norsk","norsk","BA","N",-1.19337611466406
"02a8dabfa124ecccc8e6dd2ec3fa3d40",67,"ShortFordiNoIsl",6,6,8265,24,"F","norsk","Trøndersk","norsk","norsk","BA","N",0.942139037892683
"02a8dabfa124ecccc8e6dd2ec3fa3d40",307,"BF",201,2,6732,24,"F","norsk","Trøndersk","norsk","norsk","BA","N",-1.19337611466406
"02a8dabfa124ecccc8e6dd2ec3fa3d40",176,"LongAdjunctNoIsl",62,6,8010,24,"F","norsk","Trøndersk","norsk","norsk","BA","N",0.942139037892683
"02a8dabfa124ecccc8e6dd2ec3fa3d40",299,"BF",325,3,8975,24,"F","norsk","Trøndersk","norsk","norsk","BA","N",-0.659497326524878
"02a8dabfa124ecccc8e6dd2ec3fa3d40",88,"LongFordiNoIsl",11,2,8363,24,"F","norsk","Trøndersk","norsk","norsk","BA","N",-1.19337611466406
"02a8dabfa124ecccc8e6dd2ec3fa3d40",234,"LongSubjectIsl",104,2,10981,24,"F","norsk","Trøndersk","norsk","norsk","BA","N",-1.19337611466406
"02a8dabfa124ecccc8e6dd2ec3fa3d40",292,"BF",318,2,7538,24,"F","norsk","Trøndersk","norsk","norsk","BA","N",-1.19337611466406
"02a8dabfa124ecccc8e6dd2ec3fa3d40",224,"LongSubjectNoIsl",100,5,9452,24,"F","norsk","Trøndersk","norsk","norsk","BA","N",0.408260249753496
"02a8dabfa124ecccc8e6dd2ec3fa3d40",275,"BF",301,1,6154,24,"F","norsk","Trøndersk","norsk","norsk","BA","N",-1.72725490280325
"02a8dabfa124ecccc8e6dd2ec3fa3d40",98,"LongFordiIsl",13,3,12934,24,"F","norsk","Trøndersk","norsk","norsk","BA","N",-0.659497326524878
"02a8dabfa124ecccc8e6dd2ec3fa3d40",309,"BF",203,2,6364,24,"F","norsk","Trøndersk","norsk","norsk","BA","N",-1.19337611466406
"02a8dabfa124ecccc8e6dd2ec3fa3d40",229,"ShortSubjectIsl",103,4,9338,24,"F","norsk","Trøndersk","norsk","norsk","BA","N",-0.125618538385691
"02a8dabfa124ecccc8e6dd2ec3fa3d40",170,"LongAdjunctIsl",60,4,5800,24,"F","norsk","Trøndersk","norsk","norsk","BA","N",-0.125618538385691
"02a8dabfa124ecccc8e6dd2ec3fa3d40",281,"BF",307,1,8682,24,"F","norsk","Trøndersk","norsk","norsk","BA","N",-1.72725490280325
"02a8dabfa124ecccc8e6dd2ec3fa3d40",197,"ShortAdjunctIsl",68,7,8900,24,"F","norsk","Trøndersk","norsk","norsk","BA","N",1.47601782603187
"02a8dabfa124ecccc8e6dd2ec3fa3d40",279,"BF",305,6,4611,24,"F","norsk","Trøndersk","norsk","norsk","BA","N",0.942139037892683
"02a8dabfa124ecccc8e6dd2ec3fa3d40",139,"ShortAdjunctNoIsl",53,7,12255,24,"F","norsk","Trøndersk","norsk","norsk","BA","N",1.47601782603187
"02a8dabfa124ecccc8e6dd2ec3fa3d40",15,"localTop",601,6,6174,24,"F","norsk","Trøndersk","norsk","norsk","BA","N",0.942139037892683
"02a8dabfa124ecccc8e6dd2ec3fa3d40",93,"ShortFordiIsl",12,6,18439,24,"F","norsk","Trøndersk","norsk","norsk","BA","N",0.942139037892683
"02a8dabfa124ecccc8e6dd2ec3fa3d40",219,"ShortSubjectNoIsl",99,5,12067,24,"F","norsk","Trøndersk","norsk","norsk","BA","N",0.408260249753496
"02a8dabfa124ecccc8e6dd2ec3fa3d40",288,"BF",314,3,6787,24,"F","norsk","Trøndersk","norsk","norsk","BA","N",-0.659497326524878
"02a8dabfa124ecccc8e6dd2ec3fa3d40",83,"ShortFordiNoIsl",10,7,10066,24,"F","norsk","Trøndersk","norsk","norsk","BA","N",1.47601782603187
"02a8dabfa124ecccc8e6dd2ec3fa3d40",290,"BF",316,2,5851,24,"F","norsk","Trøndersk","norsk","norsk","BA","N",-1.19337611466406
"02a8dabfa124ecccc8e6dd2ec3fa3d40",208,"LongAdjunctNoIsl",72,6,8177,24,"F","norsk","Trøndersk","norsk","norsk","BA","N",0.942139037892683
"02a8dabfa124ecccc8e6dd2ec3fa3d40",284,"BF",310,1,5087,24,"F","norsk","Trøndersk","norsk","norsk","BA","N",-1.72725490280325
"02a8dabfa124ecccc8e6dd2ec3fa3d40",116,"LongFordiNoIsl",20,6,11231,24,"F","norsk","Trøndersk","norsk","norsk","BA","N",0.942139037892683
"02a8dabfa124ecccc8e6dd2ec3fa3d40",250,"LongSubjectIsl",109,2,10620,24,"F","norsk","Trøndersk","norsk","norsk","BA","N",-1.19337611466406
"02a8dabfa124ecccc8e6dd2ec3fa3d40",291,"BF",317,3,7865,24,"F","norsk","Trøndersk","norsk","norsk","BA","N",-0.659497326524878
"02a8dabfa124ecccc8e6dd2ec3fa3d40",240,"LongSubjectNoIsl",107,5,11372,24,"F","norsk","Trøndersk","norsk","norsk","BA","N",0.408260249753496
"02a8dabfa124ecccc8e6dd2ec3fa3d40",311,"BF",205,3,11234,24,"F","norsk","Trøndersk","norsk","norsk","BA","N",-0.659497326524878
"02a8dabfa124ecccc8e6dd2ec3fa3d40",66,"LongFordiIsl",4,2,7823,24,"F","norsk","Trøndersk","norsk","norsk","BA","N",-1.19337611466406
"02a8dabfa124ecccc8e6dd2ec3fa3d40",283,"BF",309,2,7580,24,"F","norsk","Trøndersk","norsk","norsk","BA","N",-1.19337611466406
"02a8dabfa124ecccc8e6dd2ec3fa3d40",245,"ShortSubjectIsl",108,7,15542,24,"F","norsk","Trøndersk","norsk","norsk","BA","N",1.47601782603187
"02a8dabfa124ecccc8e6dd2ec3fa3d40",202,"LongAdjunctIsl",69,6,8170,24,"F","norsk","Trøndersk","norsk","norsk","BA","N",0.942139037892683
"02a8dabfa124ecccc8e6dd2ec3fa3d40",282,"BF",308,4,6969,24,"F","norsk","Trøndersk","norsk","norsk","BA","N",-0.125618538385691
"02a8dabfa124ecccc8e6dd2ec3fa3d40",165,"ShortAdjunctIsl",59,6,7591,24,"F","norsk","Trøndersk","norsk","norsk","BA","N",0.942139037892683
"02a8dabfa124ecccc8e6dd2ec3fa3d40",285,"BF",311,5,6260,24,"F","norsk","Trøndersk","norsk","norsk","BA","N",0.408260249753496
"02a8dabfa124ecccc8e6dd2ec3fa3d40",203,"ShortAdjunctNoIsl",71,7,7803,24,"F","norsk","Trøndersk","norsk","norsk","BA","N",1.47601782603187
"02a8dabfa124ecccc8e6dd2ec3fa3d40",312,"BF",206,2,13712,24,"F","norsk","Trøndersk","norsk","norsk","BA","N",-1.19337611466406
"02a8dabfa124ecccc8e6dd2ec3fa3d40",121,"ShortFordiIsl",21,7,8461,24,"F","norsk","Trøndersk","norsk","norsk","BA","N",1.47601782603187
"02a8dabfa124ecccc8e6dd2ec3fa3d40",251,"ShortSubjectNoIsl",110,7,7443,24,"F","norsk","Trøndersk","norsk","norsk","BA","N",1.47601782603187
"02a8dabfa124ecccc8e6dd2ec3fa3d40",17,"localTop",603,2,6307,24,"F","norsk","Trøndersk","norsk","norsk","BA","N",-1.19337611466406
"02a8dabfa124ecccc8e6dd2ec3fa3d40",51,"ShortFordiNoIsl",1,5,13451,24,"F","norsk","Trøndersk","norsk","norsk","BA","N",0.408260249753496
"02a8dabfa124ecccc8e6dd2ec3fa3d40",276,"BF",302,2,9793,24,"F","norsk","Trøndersk","norsk","norsk","BA","N",-1.19337611466406
"02a8dabfa124ecccc8e6dd2ec3fa3d40",160,"LongAdjunctNoIsl",58,5,6793,24,"F","norsk","Trøndersk","norsk","norsk","BA","N",0.408260249753496
"02a8dabfa124ecccc8e6dd2ec3fa3d40",289,"BF",315,3,8407,24,"F","norsk","Trøndersk","norsk","norsk","BA","N",-0.659497326524878
"02a8dabfa124ecccc8e6dd2ec3fa3d40",104,"LongFordiNoIsl",15,5,9545,24,"F","norsk","Trøndersk","norsk","norsk","BA","N",0.408260249753496
"02a8dabfa124ecccc8e6dd2ec3fa3d40",277,"BF",303,3,9829,24,"F","norsk","Trøndersk","norsk","norsk","BA","N",-0.659497326524878
"02a8dabfa124ecccc8e6dd2ec3fa3d40",218,"LongSubjectIsl",98,2,13366,24,"F","norsk","Trøndersk","norsk","norsk","BA","N",-1.19337611466406
"02a8dabfa124ecccc8e6dd2ec3fa3d40",256,"LongSubjectNoIsl",113,6,12681,24,"F","norsk","Trøndersk","norsk","norsk","BA","N",0.942139037892683
"02a8dabfa124ecccc8e6dd2ec3fa3d40",300,"BF",326,3,10792,24,"F","norsk","Trøndersk","norsk","norsk","BA","N",-0.659497326524878
"02a8dabfa124ecccc8e6dd2ec3fa3d40",82,"LongFordiIsl",9,3,7352,24,"F","norsk","Trøndersk","norsk","norsk","BA","N",-0.659497326524878
"02a8dabfa124ecccc8e6dd2ec3fa3d40",303,"BF",329,2,8084,24,"F","norsk","Trøndersk","norsk","norsk","BA","N",-1.19337611466406
"02a8dabfa124ecccc8e6dd2ec3fa3d40",213,"ShortSubjectIsl",97,5,7606,24,"F","norsk","Trøndersk","norsk","norsk","BA","N",0.408260249753496
"02a8dabfa124ecccc8e6dd2ec3fa3d40",304,"BF",331,2,6100,24,"F","norsk","Trøndersk","norsk","norsk","BA","N",-1.19337611466406
"02a8dabfa124ecccc8e6dd2ec3fa3d40",154,"LongAdjunctIsl",56,3,9859,24,"F","norsk","Trøndersk","norsk","norsk","BA","N",-0.659497326524878
"02a8dabfa124ecccc8e6dd2ec3fa3d40",149,"ShortAdjunctIsl",55,5,7267,24,"F","norsk","Trøndersk","norsk","norsk","BA","N",0.408260249753496
"02a8dabfa124ecccc8e6dd2ec3fa3d40",308,"BF",202,2,6588,24,"F","norsk","Trøndersk","norsk","norsk","BA","N",-1.19337611466406
"02a8dabfa124ecccc8e6dd2ec3fa3d40",187,"ShortAdjunctNoIsl",65,6,8118,24,"F","norsk","Trøndersk","norsk","norsk","BA","N",0.942139037892683
"02a8dabfa124ecccc8e6dd2ec3fa3d40",294,"BF",320,2,5701,24,"F","norsk","Trøndersk","norsk","norsk","BA","N",-1.19337611466406
"02a8dabfa124ecccc8e6dd2ec3fa3d40",77,"ShortFordiIsl",8,6,11442,24,"F","norsk","Trøndersk","norsk","norsk","BA","N",0.942139037892683
"02a8dabfa124ecccc8e6dd2ec3fa3d40",314,"BF",208,3,9696,24,"F","norsk","Trøndersk","norsk","norsk","BA","N",-0.659497326524878
"02a8dabfa124ecccc8e6dd2ec3fa3d40",235,"ShortSubjectNoIsl",106,6,7140,24,"F","norsk","Trøndersk","norsk","norsk","BA","N",0.942139037892683
"02a8dabfa124ecccc8e6dd2ec3fa3d40",99,"ShortFordiNoIsl",14,5,18840,24,"F","norsk","Trøndersk","norsk","norsk","BA","N",0.408260249753496
"02a8dabfa124ecccc8e6dd2ec3fa3d40",298,"BF",324,2,5613,24,"F","norsk","Trøndersk","norsk","norsk","BA","N",-1.19337611466406
"02a8dabfa124ecccc8e6dd2ec3fa3d40",192,"LongAdjunctNoIsl",66,6,20647,24,"F","norsk","Trøndersk","norsk","norsk","BA","N",0.942139037892683
"02a8dabfa124ecccc8e6dd2ec3fa3d40",18,"localTop",604,6,6750,24,"F","norsk","Trøndersk","norsk","norsk","BA","N",0.942139037892683
"02a8dabfa124ecccc8e6dd2ec3fa3d40",56,"LongFordiNoIsl",2,6,7855,24,"F","norsk","Trøndersk","norsk","norsk","BA","N",0.942139037892683
"02a8dabfa124ecccc8e6dd2ec3fa3d40",287,"BF",313,2,5285,24,"F","norsk","Trøndersk","norsk","norsk","BA","N",-1.19337611466406
"02a8dabfa124ecccc8e6dd2ec3fa3d40",266,"LongSubjectIsl",117,4,8773,24,"F","norsk","Trøndersk","norsk","norsk","BA","N",-0.125618538385691
"02a8dabfa124ecccc8e6dd2ec3fa3d40",272,"LongSubjectNoIsl",120,5,6393,24,"F","norsk","Trøndersk","norsk","norsk","BA","N",0.408260249753496
"02a8dabfa124ecccc8e6dd2ec3fa3d40",297,"BF",323,5,8768,24,"F","norsk","Trøndersk","norsk","norsk","BA","N",0.408260249753496
"02a8dabfa124ecccc8e6dd2ec3fa3d40",43,"shortWhetherNoI",23,7,10144,24,"F","norsk","Trøndersk","norsk","norsk","BA","N",1.47601782603187
"02a8dabfa124ecccc8e6dd2ec3fa3d40",301,"BF",327,6,10781,24,"F","norsk","Trøndersk","norsk","norsk","BA","N",0.942139037892683
"02a8dabfa124ecccc8e6dd2ec3fa3d40",26,"longWhetherIsla",18,5,6458,24,"F","norsk","Trøndersk","norsk","norsk","BA","N",0.408260249753496
"02a8dabfa124ecccc8e6dd2ec3fa3d40",293,"BF",319,3,10439,24,"F","norsk","Trøndersk","norsk","norsk","BA","N",-0.659497326524878
"02a8dabfa124ecccc8e6dd2ec3fa3d40",126,"LongFordiIsl",22,5,7822,24,"F","norsk","Trøndersk","norsk","norsk","BA","N",0.408260249753496
"02a8dabfa124ecccc8e6dd2ec3fa3d40",261,"ShortSubjectIsl",116,6,7664,24,"F","norsk","Trøndersk","norsk","norsk","BA","N",0.942139037892683
"02a8dabfa124ecccc8e6dd2ec3fa3d40",286,"BF",312,4,8545,24,"F","norsk","Trøndersk","norsk","norsk","BA","N",-0.125618538385691
"02a8dabfa124ecccc8e6dd2ec3fa3d40",138,"LongAdjunctIsl",52,4,8059,24,"F","norsk","Trøndersk","norsk","norsk","BA","N",-0.125618538385691
"02a8dabfa124ecccc8e6dd2ec3fa3d40",278,"BF",304,2,6607,24,"F","norsk","Trøndersk","norsk","norsk","BA","N",-1.19337611466406
"02a8dabfa124ecccc8e6dd2ec3fa3d40",181,"ShortAdjunctIsl",63,7,7898,24,"F","norsk","Trøndersk","norsk","norsk","BA","N",1.47601782603187
"02a8dabfa124ecccc8e6dd2ec3fa3d40",296,"BF",322,3,7810,24,"F","norsk","Trøndersk","norsk","norsk","BA","N",-0.659497326524878
"02a8dabfa124ecccc8e6dd2ec3fa3d40",48,"longWhetherNoI",24,5,4577,24,"F","norsk","Trøndersk","norsk","norsk","BA","N",0.408260249753496
"02a8dabfa124ecccc8e6dd2ec3fa3d40",155,"ShortAdjunctNoIsl",57,7,6231,24,"F","norsk","Trøndersk","norsk","norsk","BA","N",1.47601782603187
"02a8dabfa124ecccc8e6dd2ec3fa3d40",280,"BF",306,6,8354,24,"F","norsk","Trøndersk","norsk","norsk","BA","N",0.942139037892683
"02a8dabfa124ecccc8e6dd2ec3fa3d40",21,"shortWhetherIsl",17,7,6864,24,"F","norsk","Trøndersk","norsk","norsk","BA","N",1.47601782603187
"02a8dabfa124ecccc8e6dd2ec3fa3d40",305,"BF",332,3,7782,24,"F","norsk","Trøndersk","norsk","norsk","BA","N",-0.659497326524878
"02a8dabfa124ecccc8e6dd2ec3fa3d40",61,"ShortFordiIsl",3,6,6880,24,"F","norsk","Trøndersk","norsk","norsk","BA","N",0.942139037892683
"02a8dabfa124ecccc8e6dd2ec3fa3d40",306,"BF",213,3,6495,24,"F","norsk","Trøndersk","norsk","norsk","BA","N",-0.659497326524878
"02a8dabfa124ecccc8e6dd2ec3fa3d40",267,"ShortSubjectNoIsl",118,6,9672,24,"F","norsk","Trøndersk","norsk","norsk","BA","N",0.942139037892683
"02a8dabfa124ecccc8e6dd2ec3fa3d40",16,"localTop",602,3,8216,24,"F","norsk","Trøndersk","norsk","norsk","BA","N",-0.659497326524878
"02a8dabfa124ecccc8e6dd2ec3fa3d40",111,"ShortFordiNoIsl",19,6,6887,24,"F","norsk","Trøndersk","norsk","norsk","BA","N",0.942139037892683
"0495b050b94fecbcee105e0694ade609",186,"LongAdjunctIsl",64,3,19580,26,"M","norsk","Tromsø/Nord-Norge","norsk","norsk","BA","N",-0.143815669549483
"0495b050b94fecbcee105e0694ade609",104,"LongFordiNoIsl",15,6,19345,26,"M","norsk","Tromsø/Nord-Norge","norsk","norsk","BA","N",1.68983411720642
"0495b050b94fecbcee105e0694ade609",290,"BF",316,1,45830,26,"M","norsk","Tromsø/Nord-Norge","norsk","norsk","BA","N",-1.36624886072009
"0495b050b94fecbcee105e0694ade609",144,"LongAdjunctNoIsl",54,6,32055,26,"M","norsk","Tromsø/Nord-Norge","norsk","norsk","BA","N",1.68983411720642
"0495b050b94fecbcee105e0694ade609",307,"BF",201,1,9992,26,"M","norsk","Tromsø/Nord-Norge","norsk","norsk","BA","N",-1.36624886072009
"0495b050b94fecbcee105e0694ade609",83,"ShortFordiNoIsl",10,5,21618,26,"M","norsk","Tromsø/Nord-Norge","norsk","norsk","BA","N",1.07861752162112
"0495b050b94fecbcee105e0694ade609",303,"BF",329,1,35240,26,"M","norsk","Tromsø/Nord-Norge","norsk","norsk","BA","N",-1.36624886072009
"0495b050b94fecbcee105e0694ade609",155,"ShortAdjunctNoIsl",57,6,10269,26,"M","norsk","Tromsø/Nord-Norge","norsk","norsk","BA","N",1.68983411720642
"0495b050b94fecbcee105e0694ade609",133,"ShortAdjunctIsl",50,5,8238,26,"M","norsk","Tromsø/Nord-Norge","norsk","norsk","BA","N",1.07861752162112
"0495b050b94fecbcee105e0694ade609",278,"BF",304,2,7825,26,"M","norsk","Tromsø/Nord-Norge","norsk","norsk","BA","N",-0.755032265134784
"0495b050b94fecbcee105e0694ade609",138,"LongAdjunctIsl",52,4,27437,26,"M","norsk","Tromsø/Nord-Norge","norsk","norsk","BA","N",0.467400926035819
"0495b050b94fecbcee105e0694ade609",280,"BF",306,4,14180,26,"M","norsk","Tromsø/Nord-Norge","norsk","norsk","BA","N",0.467400926035819
"0495b050b94fecbcee105e0694ade609",116,"LongFordiNoIsl",20,6,19420,26,"M","norsk","Tromsø/Nord-Norge","norsk","norsk","BA","N",1.68983411720642
"0495b050b94fecbcee105e0694ade609",289,"BF",315,3,17564,26,"M","norsk","Tromsø/Nord-Norge","norsk","norsk","BA","N",-0.143815669549483
"0495b050b94fecbcee105e0694ade609",245,"ShortSubjectIsl",108,6,64312,26,"M","norsk","Tromsø/Nord-Norge","norsk","norsk","BA","N",1.68983411720642
"0495b050b94fecbcee105e0694ade609",160,"LongAdjunctNoIsl",58,5,14186,26,"M","norsk","Tromsø/Nord-Norge","norsk","norsk","BA","N",1.07861752162112
"0495b050b94fecbcee105e0694ade609",283,"BF",309,1,50543,26,"M","norsk","Tromsø/Nord-Norge","norsk","norsk","BA","N",-1.36624886072009
"0495b050b94fecbcee105e0694ade609",256,"LongSubjectNoIsl",113,4,38048,26,"M","norsk","Tromsø/Nord-Norge","norsk","norsk","BA","N",0.467400926035819
"0495b050b94fecbcee105e0694ade609",291,"BF",317,2,6683,26,"M","norsk","Tromsø/Nord-Norge","norsk","norsk","BA","N",-0.755032265134784
"0495b050b94fecbcee105e0694ade609",111,"ShortFordiNoIsl",19,5,10285,26,"M","norsk","Tromsø/Nord-Norge","norsk","norsk","BA","N",1.07861752162112
"0495b050b94fecbcee105e0694ade609",299,"BF",325,3,8240,26,"M","norsk","Tromsø/Nord-Norge","norsk","norsk","BA","N",-0.143815669549483
"0495b050b94fecbcee105e0694ade609",234,"LongSubjectIsl",104,3,99262,26,"M","norsk","Tromsø/Nord-Norge","norsk","norsk","BA","N",-0.143815669549483
"0495b050b94fecbcee105e0694ade609",187,"ShortAdjunctNoIsl",65,3,23764,26,"M","norsk","Tromsø/Nord-Norge","norsk","norsk","BA","N",-0.143815669549483
"0495b050b94fecbcee105e0694ade609",301,"BF",327,4,23086,26,"M","norsk","Tromsø/Nord-Norge","norsk","norsk","BA","N",0.467400926035819
"0495b050b94fecbcee105e0694ade609",82,"LongFordiIsl",9,2,12100,26,"M","norsk","Tromsø/Nord-Norge","norsk","norsk","BA","N",-0.755032265134784
"0495b050b94fecbcee105e0694ade609",306,"BF",213,2,10764,26,"M","norsk","Tromsø/Nord-Norge","norsk","norsk","BA","N",-0.755032265134784
"0495b050b94fecbcee105e0694ade609",93,"ShortFordiIsl",12,4,30989,26,"M","norsk","Tromsø/Nord-Norge","norsk","norsk","BA","N",0.467400926035819
"0495b050b94fecbcee105e0694ade609",15,"localTop",601,3,72155,26,"M","norsk","Tromsø/Nord-Norge","norsk","norsk","BA","N",-0.143815669549483
"0495b050b94fecbcee105e0694ade609",267,"ShortSubjectNoIsl",118,4,9591,26,"M","norsk","Tromsø/Nord-Norge","norsk","norsk","BA","N",0.467400926035819
"0495b050b94fecbcee105e0694ade609",149,"ShortAdjunctIsl",55,2,16545,26,"M","norsk","Tromsø/Nord-Norge","norsk","norsk","BA","N",-0.755032265134784
"0495b050b94fecbcee105e0694ade609",282,"BF",308,2,36289,26,"M","norsk","Tromsø/Nord-Norge","norsk","norsk","BA","N",-0.755032265134784
"0495b050b94fecbcee105e0694ade609",154,"LongAdjunctIsl",56,4,37979,26,"M","norsk","Tromsø/Nord-Norge","norsk","norsk","BA","N",0.467400926035819
"0495b050b94fecbcee105e0694ade609",296,"BF",322,1,16511,26,"M","norsk","Tromsø/Nord-Norge","norsk","norsk","BA","N",-1.36624886072009
"0495b050b94fecbcee105e0694ade609",72,"LongFordiNoIsl",7,3,14758,26,"M","norsk","Tromsø/Nord-Norge","norsk","norsk","BA","N",-0.143815669549483
"0495b050b94fecbcee105e0694ade609",275,"BF",301,1,4776,26,"M","norsk","Tromsø/Nord-Norge","norsk","norsk","BA","N",-1.36624886072009
"0495b050b94fecbcee105e0694ade609",213,"ShortSubjectIsl",97,3,18477,26,"M","norsk","Tromsø/Nord-Norge","norsk","norsk","BA","N",-0.143815669549483
"0495b050b94fecbcee105e0694ade609",192,"LongAdjunctNoIsl",66,4,23158,26,"M","norsk","Tromsø/Nord-Norge","norsk","norsk","BA","N",0.467400926035819
"0495b050b94fecbcee105e0694ade609",308,"BF",202,4,19906,26,"M","norsk","Tromsø/Nord-Norge","norsk","norsk","BA","N",0.467400926035819
"0495b050b94fecbcee105e0694ade609",224,"LongSubjectNoIsl",100,4,163146,26,"M","norsk","Tromsø/Nord-Norge","norsk","norsk","BA","N",0.467400926035819
"0495b050b94fecbcee105e0694ade609",312,"BF",206,2,13684,26,"M","norsk","Tromsø/Nord-Norge","norsk","norsk","BA","N",-0.755032265134784
"0495b050b94fecbcee105e0694ade609",67,"ShortFordiNoIsl",6,4,7335,26,"M","norsk","Tromsø/Nord-Norge","norsk","norsk","BA","N",0.467400926035819
"0495b050b94fecbcee105e0694ade609",284,"BF",310,1,10167,26,"M","norsk","Tromsø/Nord-Norge","norsk","norsk","BA","N",-1.36624886072009
"0495b050b94fecbcee105e0694ade609",266,"LongSubjectIsl",117,2,32013,26,"M","norsk","Tromsø/Nord-Norge","norsk","norsk","BA","N",-0.755032265134784
"0495b050b94fecbcee105e0694ade609",171,"ShortAdjunctNoIsl",61,4,10279,26,"M","norsk","Tromsø/Nord-Norge","norsk","norsk","BA","N",0.467400926035819
"0495b050b94fecbcee105e0694ade609",292,"BF",318,1,11922,26,"M","norsk","Tromsø/Nord-Norge","norsk","norsk","BA","N",-1.36624886072009
"0495b050b94fecbcee105e0694ade609",98,"LongFordiIsl",13,4,12241,26,"M","norsk","Tromsø/Nord-Norge","norsk","norsk","BA","N",0.467400926035819
"0495b050b94fecbcee105e0694ade609",287,"BF",313,1,6318,26,"M","norsk","Tromsø/Nord-Norge","norsk","norsk","BA","N",-1.36624886072009
"0495b050b94fecbcee105e0694ade609",61,"ShortFordiIsl",3,4,12119,26,"M","norsk","Tromsø/Nord-Norge","norsk","norsk","BA","N",0.467400926035819
"0495b050b94fecbcee105e0694ade609",297,"BF",323,3,17013,26,"M","norsk","Tromsø/Nord-Norge","norsk","norsk","BA","N",-0.143815669549483
"0495b050b94fecbcee105e0694ade609",251,"ShortSubjectNoIsl",110,5,29837,26,"M","norsk","Tromsø/Nord-Norge","norsk","norsk","BA","N",1.07861752162112
"0495b050b94fecbcee105e0694ade609",197,"ShortAdjunctIsl",68,3,60157,26,"M","norsk","Tromsø/Nord-Norge","norsk","norsk","BA","N",-0.143815669549483
"0495b050b94fecbcee105e0694ade609",18,"localTop",604,6,93906,26,"M","norsk","Tromsø/Nord-Norge","norsk","norsk","BA","N",1.68983411720642
"0495b050b94fecbcee105e0694ade609",202,"LongAdjunctIsl",69,3,15217,26,"M","norsk","Tromsø/Nord-Norge","norsk","norsk","BA","N",-0.143815669549483
"0495b050b94fecbcee105e0694ade609",294,"BF",320,1,11102,26,"M","norsk","Tromsø/Nord-Norge","norsk","norsk","BA","N",-1.36624886072009
"0495b050b94fecbcee105e0694ade609",88,"LongFordiNoIsl",11,6,29950,26,"M","norsk","Tromsø/Nord-Norge","norsk","norsk","BA","N",1.68983411720642
"0495b050b94fecbcee105e0694ade609",279,"BF",305,2,6563,26,"M","norsk","Tromsø/Nord-Norge","norsk","norsk","BA","N",-0.755032265134784
"0495b050b94fecbcee105e0694ade609",261,"ShortSubjectIsl",116,4,11879,26,"M","norsk","Tromsø/Nord-Norge","norsk","norsk","BA","N",0.467400926035819
"0495b050b94fecbcee105e0694ade609",286,"BF",312,2,12731,26,"M","norsk","Tromsø/Nord-Norge","norsk","norsk","BA","N",-0.755032265134784
"0495b050b94fecbcee105e0694ade609",176,"LongAdjunctNoIsl",62,5,11349,26,"M","norsk","Tromsø/Nord-Norge","norsk","norsk","BA","N",1.07861752162112
"0495b050b94fecbcee105e0694ade609",272,"LongSubjectNoIsl",120,6,7831,26,"M","norsk","Tromsø/Nord-Norge","norsk","norsk","BA","N",1.68983411720642
"0495b050b94fecbcee105e0694ade609",298,"BF",324,1,7770,26,"M","norsk","Tromsø/Nord-Norge","norsk","norsk","BA","N",-1.36624886072009
"0495b050b94fecbcee105e0694ade609",51,"ShortFordiNoIsl",1,3,92869,26,"M","norsk","Tromsø/Nord-Norge","norsk","norsk","BA","N",-0.143815669549483
"0495b050b94fecbcee105e0694ade609",304,"BF",331,2,12628,26,"M","norsk","Tromsø/Nord-Norge","norsk","norsk","BA","N",-0.755032265134784
"0495b050b94fecbcee105e0694ade609",250,"LongSubjectIsl",109,2,90010,26,"M","norsk","Tromsø/Nord-Norge","norsk","norsk","BA","N",-0.755032265134784
"0495b050b94fecbcee105e0694ade609",288,"BF",314,4,6039,26,"M","norsk","Tromsø/Nord-Norge","norsk","norsk","BA","N",0.467400926035819
"0495b050b94fecbcee105e0694ade609",203,"ShortAdjunctNoIsl",71,5,195980,26,"M","norsk","Tromsø/Nord-Norge","norsk","norsk","BA","N",1.07861752162112
"0495b050b94fecbcee105e0694ade609",126,"LongFordiIsl",22,3,15287,26,"M","norsk","Tromsø/Nord-Norge","norsk","norsk","BA","N",-0.143815669549483
"0495b050b94fecbcee105e0694ade609",311,"BF",205,1,15477,26,"M","norsk","Tromsø/Nord-Norge","norsk","norsk","BA","N",-1.36624886072009
"0495b050b94fecbcee105e0694ade609",77,"ShortFordiIsl",8,5,60908,26,"M","norsk","Tromsø/Nord-Norge","norsk","norsk","BA","N",1.07861752162112
"0495b050b94fecbcee105e0694ade609",314,"BF",208,2,15293,26,"M","norsk","Tromsø/Nord-Norge","norsk","norsk","BA","N",-0.755032265134784
"0495b050b94fecbcee105e0694ade609",235,"ShortSubjectNoIsl",106,5,8720,26,"M","norsk","Tromsø/Nord-Norge","norsk","norsk","BA","N",1.07861752162112
"0495b050b94fecbcee105e0694ade609",310,"BF",204,2,7306,26,"M","norsk","Tromsø/Nord-Norge","norsk","norsk","BA","N",-0.755032265134784
"0495b050b94fecbcee105e0694ade609",165,"ShortAdjunctIsl",59,6,118637,26,"M","norsk","Tromsø/Nord-Norge","norsk","norsk","BA","N",1.68983411720642
"0495b050b94fecbcee105e0694ade609",170,"LongAdjunctIsl",60,5,8003,26,"M","norsk","Tromsø/Nord-Norge","norsk","norsk","BA","N",1.07861752162112
"0495b050b94fecbcee105e0694ade609",276,"BF",302,1,6342,26,"M","norsk","Tromsø/Nord-Norge","norsk","norsk","BA","N",-1.36624886072009
"0495b050b94fecbcee105e0694ade609",56,"LongFordiNoIsl",2,4,92652,26,"M","norsk","Tromsø/Nord-Norge","norsk","norsk","BA","N",0.467400926035819
"0495b050b94fecbcee105e0694ade609",16,"localTop",602,3,10461,26,"M","norsk","Tromsø/Nord-Norge","norsk","norsk","BA","N",-0.143815669549483
"0495b050b94fecbcee105e0694ade609",43,"shortWhetherNoI",23,6,13079,26,"M","norsk","Tromsø/Nord-Norge","norsk","norsk","BA","N",1.68983411720642
"0495b050b94fecbcee105e0694ade609",295,"BF",321,2,9930,26,"M","norsk","Tromsø/Nord-Norge","norsk","norsk","BA","N",-0.755032265134784
"0495b050b94fecbcee105e0694ade609",229,"ShortSubjectIsl",103,6,8075,26,"M","norsk","Tromsø/Nord-Norge","norsk","norsk","BA","N",1.68983411720642
"0495b050b94fecbcee105e0694ade609",208,"LongAdjunctNoIsl",72,3,10275,26,"M","norsk","Tromsø/Nord-Norge","norsk","norsk","BA","N",-0.143815669549483
"0495b050b94fecbcee105e0694ade609",305,"BF",332,1,178248,26,"M","norsk","Tromsø/Nord-Norge","norsk","norsk","BA","N",-1.36624886072009
"0495b050b94fecbcee105e0694ade609",240,"LongSubjectNoIsl",107,4,7795,26,"M","norsk","Tromsø/Nord-Norge","norsk","norsk","BA","N",0.467400926035819
"0495b050b94fecbcee105e0694ade609",300,"BF",326,2,11326,26,"M","norsk","Tromsø/Nord-Norge","norsk","norsk","BA","N",-0.755032265134784
"0495b050b94fecbcee105e0694ade609",99,"ShortFordiNoIsl",14,3,81138,26,"M","norsk","Tromsø/Nord-Norge","norsk","norsk","BA","N",-0.143815669549483
"0495b050b94fecbcee105e0694ade609",302,"BF",328,3,13992,26,"M","norsk","Tromsø/Nord-Norge","norsk","norsk","BA","N",-0.143815669549483
"0495b050b94fecbcee105e0694ade609",26,"longWhetherIsla",18,3,7273,26,"M","norsk","Tromsø/Nord-Norge","norsk","norsk","BA","N",-0.143815669549483
"0495b050b94fecbcee105e0694ade609",218,"LongSubjectIsl",98,4,15242,26,"M","norsk","Tromsø/Nord-Norge","norsk","norsk","BA","N",0.467400926035819
"0495b050b94fecbcee105e0694ade609",313,"BF",207,1,9692,26,"M","norsk","Tromsø/Nord-Norge","norsk","norsk","BA","N",-1.36624886072009
"0495b050b94fecbcee105e0694ade609",139,"ShortAdjunctNoIsl",53,4,27152,26,"M","norsk","Tromsø/Nord-Norge","norsk","norsk","BA","N",0.467400926035819
"0495b050b94fecbcee105e0694ade609",285,"BF",311,1,13817,26,"M","norsk","Tromsø/Nord-Norge","norsk","norsk","BA","N",-1.36624886072009
"0495b050b94fecbcee105e0694ade609",66,"LongFordiIsl",4,1,11567,26,"M","norsk","Tromsø/Nord-Norge","norsk","norsk","BA","N",-1.36624886072009
"0495b050b94fecbcee105e0694ade609",277,"BF",303,2,84843,26,"M","norsk","Tromsø/Nord-Norge","norsk","norsk","BA","N",-0.755032265134784
"0495b050b94fecbcee105e0694ade609",121,"ShortFordiIsl",21,5,15225,26,"M","norsk","Tromsø/Nord-Norge","norsk","norsk","BA","N",1.07861752162112
"0495b050b94fecbcee105e0694ade609",219,"ShortSubjectNoIsl",99,5,14437,26,"M","norsk","Tromsø/Nord-Norge","norsk","norsk","BA","N",1.07861752162112
"0495b050b94fecbcee105e0694ade609",281,"BF",307,1,11328,26,"M","norsk","Tromsø/Nord-Norge","norsk","norsk","BA","N",-1.36624886072009
"0495b050b94fecbcee105e0694ade609",21,"shortWhetherIsl",17,4,12707,26,"M","norsk","Tromsø/Nord-Norge","norsk","norsk","BA","N",0.467400926035819
"0495b050b94fecbcee105e0694ade609",293,"BF",319,1,12608,26,"M","norsk","Tromsø/Nord-Norge","norsk","norsk","BA","N",-1.36624886072009
"0495b050b94fecbcee105e0694ade609",181,"ShortAdjunctIsl",63,6,16474,26,"M","norsk","Tromsø/Nord-Norge","norsk","norsk","BA","N",1.68983411720642
"0495b050b94fecbcee105e0694ade609",309,"BF",203,1,12099,26,"M","norsk","Tromsø/Nord-Norge","norsk","norsk","BA","N",-1.36624886072009
"0495b050b94fecbcee105e0694ade609",48,"longWhetherNoI",24,4,8233,26,"M","norsk","Tromsø/Nord-Norge","norsk","norsk","BA","N",0.467400926035819
"0495b050b94fecbcee105e0694ade609",17,"localTop",603,2,17911,26,"M","norsk","Tromsø/Nord-Norge","norsk","norsk","BA","N",-0.755032265134784
"06c5c34c722198157992da91c9251e11",114,"LongFordiIsl",19,6,18726,23,"F","norsk","Vest-Agder","norsk","norsk","vgs","N",0.597364555484694
"06c5c34c722198157992da91c9251e11",283,"BF",309,1,16021,23,"F","norsk","Vest-Agder","norsk","norsk","vgs","N",-1.20533321550462
"06c5c34c722198157992da91c9251e11",169,"ShortAdjunctIsl",60,7,21545,23,"F","norsk","Vest-Agder","norsk","norsk","vgs","N",0.957904109682556
"06c5c34c722198157992da91c9251e11",314,"BF",208,1,16285,23,"F","norsk","Vest-Agder","norsk","norsk","vgs","N",-1.20533321550462
"06c5c34c722198157992da91c9251e11",207,"ShortAdjunctNoIsl",72,7,7662,23,"F","norsk","Vest-Agder","norsk","norsk","vgs","N",0.957904109682556
"06c5c34c722198157992da91c9251e11",275,"BF",301,1,12841,23,"F","norsk","Vest-Agder","norsk","norsk","vgs","N",-1.20533321550462
"06c5c34c722198157992da91c9251e11",164,"LongAdjunctNoIsl",59,7,12078,23,"F","norsk","Vest-Agder","norsk","norsk","vgs","N",0.957904109682556
"06c5c34c722198157992da91c9251e11",206,"LongAdjunctIsl",71,7,11813,23,"F","norsk","Vest-Agder","norsk","norsk","vgs","N",0.957904109682556
"06c5c34c722198157992da91c9251e11",284,"BF",310,1,6445,23,"F","norsk","Vest-Agder","norsk","norsk","vgs","N",-1.20533321550462
"06c5c34c722198157992da91c9251e11",54,"LongFordiIsl",1,1,16258,23,"F","norsk","Vest-Agder","norsk","norsk","vgs","N",-1.20533321550462
"06c5c34c722198157992da91c9251e11",294,"BF",320,1,21412,23,"F","norsk","Vest-Agder","norsk","norsk","vgs","N",-1.20533321550462
"06c5c34c722198157992da91c9251e11",92,"LongFordiNoIsl",12,7,11716,23,"F","norsk","Vest-Agder","norsk","norsk","vgs","N",0.957904109682556
"06c5c34c722198157992da91c9251e11",279,"BF",305,2,12290,23,"F","norsk","Vest-Agder","norsk","norsk","vgs","N",-0.844793661306756
"06c5c34c722198157992da91c9251e11",271,"ShortSubjectNoIsl",120,7,10386,23,"F","norsk","Vest-Agder","norsk","norsk","vgs","N",0.957904109682556
"06c5c34c722198157992da91c9251e11",222,"LongSubjectIsl",99,5,23326,23,"F","norsk","Vest-Agder","norsk","norsk","vgs","N",0.236825001286831
"06c5c34c722198157992da91c9251e11",307,"BF",201,1,9180,23,"F","norsk","Vest-Agder","norsk","norsk","vgs","N",-1.20533321550462
"06c5c34c722198157992da91c9251e11",137,"ShortAdjunctIsl",52,7,7989,23,"F","norsk","Vest-Agder","norsk","norsk","vgs","N",0.957904109682556
"06c5c34c722198157992da91c9251e11",303,"BF",329,1,11197,23,"F","norsk","Vest-Agder","norsk","norsk","vgs","N",-1.20533321550462
"06c5c34c722198157992da91c9251e11",217,"ShortSubjectIsl",98,7,6457,23,"F","norsk","Vest-Agder","norsk","norsk","vgs","N",0.957904109682556
"06c5c34c722198157992da91c9251e11",291,"BF",317,4,16449,23,"F","norsk","Vest-Agder","norsk","norsk","vgs","N",-0.123714552911031
"06c5c34c722198157992da91c9251e11",159,"ShortAdjunctNoIsl",58,7,7325,23,"F","norsk","Vest-Agder","norsk","norsk","vgs","N",0.957904109682556
"06c5c34c722198157992da91c9251e11",148,"LongAdjunctNoIsl",55,6,4662262,23,"F","norsk","Vest-Agder","norsk","norsk","vgs","N",0.597364555484694
"06c5c34c722198157992da91c9251e11",287,"BF",313,1,9000,23,"F","norsk","Vest-Agder","norsk","norsk","vgs","N",-1.20533321550462
"06c5c34c722198157992da91c9251e11",174,"LongAdjunctIsl",61,7,8328,23,"F","norsk","Vest-Agder","norsk","norsk","vgs","N",0.957904109682556
"06c5c34c722198157992da91c9251e11",282,"BF",308,6,15222,23,"F","norsk","Vest-Agder","norsk","norsk","vgs","N",0.597364555484694
"06c5c34c722198157992da91c9251e11",71,"ShortFordiNoIsl",7,7,14272,23,"F","norsk","Vest-Agder","norsk","norsk","vgs","N",0.957904109682556
"06c5c34c722198157992da91c9251e11",16,"localTop",602,2,27079,23,"F","norsk","Vest-Agder","norsk","norsk","vgs","N",-0.844793661306756
"06c5c34c722198157992da91c9251e11",260,"LongSubjectNoIsl",116,7,7671,23,"F","norsk","Vest-Agder","norsk","norsk","vgs","N",0.957904109682556
"06c5c34c722198157992da91c9251e11",81,"ShortFordiIsl",9,7,8677,23,"F","norsk","Vest-Agder","norsk","norsk","vgs","N",0.957904109682556
"06c5c34c722198157992da91c9251e11",290,"BF",316,1,7750,23,"F","norsk","Vest-Agder","norsk","norsk","vgs","N",-1.20533321550462
"06c5c34c722198157992da91c9251e11",70,"LongFordiIsl",6,7,24510,23,"F","norsk","Vest-Agder","norsk","norsk","vgs","N",0.957904109682556
"06c5c34c722198157992da91c9251e11",278,"BF",304,1,7499,23,"F","norsk","Vest-Agder","norsk","norsk","vgs","N",-1.20533321550462
"06c5c34c722198157992da91c9251e11",76,"LongFordiNoIsl",8,6,38913,23,"F","norsk","Vest-Agder","norsk","norsk","vgs","N",0.597364555484694
"06c5c34c722198157992da91c9251e11",299,"BF",325,1,8340,23,"F","norsk","Vest-Agder","norsk","norsk","vgs","N",-1.20533321550462
"06c5c34c722198157992da91c9251e11",239,"ShortSubjectNoIsl",107,7,20716,23,"F","norsk","Vest-Agder","norsk","norsk","vgs","N",0.957904109682556
"06c5c34c722198157992da91c9251e11",41,"shortWhetherIsl",22,7,8316,23,"F","norsk","Vest-Agder","norsk","norsk","vgs","N",0.957904109682556
"06c5c34c722198157992da91c9251e11",293,"BF",319,1,9398,23,"F","norsk","Vest-Agder","norsk","norsk","vgs","N",-1.20533321550462
"06c5c34c722198157992da91c9251e11",254,"LongSubjectIsl",110,1,14784,23,"F","norsk","Vest-Agder","norsk","norsk","vgs","N",-1.20533321550462
"06c5c34c722198157992da91c9251e11",288,"BF",314,1,7556,23,"F","norsk","Vest-Agder","norsk","norsk","vgs","N",-1.20533321550462
"06c5c34c722198157992da91c9251e11",47,"shortWhetherNoI",24,7,16042,23,"F","norsk","Vest-Agder","norsk","norsk","vgs","N",0.957904109682556
"06c5c34c722198157992da91c9251e11",292,"BF",318,1,22805,23,"F","norsk","Vest-Agder","norsk","norsk","vgs","N",-1.20533321550462
"06c5c34c722198157992da91c9251e11",153,"ShortAdjunctIsl",56,7,9973,23,"F","norsk","Vest-Agder","norsk","norsk","vgs","N",0.957904109682556
"06c5c34c722198157992da91c9251e11",249,"ShortSubjectIsl",109,7,21608,23,"F","norsk","Vest-Agder","norsk","norsk","vgs","N",0.957904109682556
"06c5c34c722198157992da91c9251e11",309,"BF",203,1,10969,23,"F","norsk","Vest-Agder","norsk","norsk","vgs","N",-1.20533321550462
"06c5c34c722198157992da91c9251e11",175,"ShortAdjunctNoIsl",62,7,15926,23,"F","norsk","Vest-Agder","norsk","norsk","vgs","N",0.957904109682556
"06c5c34c722198157992da91c9251e11",281,"BF",307,1,7509,23,"F","norsk","Vest-Agder","norsk","norsk","vgs","N",-1.20533321550462
"06c5c34c722198157992da91c9251e11",132,"LongAdjunctNoIsl",50,7,15413,23,"F","norsk","Vest-Agder","norsk","norsk","vgs","N",0.957904109682556
"06c5c34c722198157992da91c9251e11",277,"BF",303,1,6247,23,"F","norsk","Vest-Agder","norsk","norsk","vgs","N",-1.20533321550462
"06c5c34c722198157992da91c9251e11",142,"LongAdjunctIsl",53,7,10207,23,"F","norsk","Vest-Agder","norsk","norsk","vgs","N",0.957904109682556
"06c5c34c722198157992da91c9251e11",55,"ShortFordiNoIsl",2,7,9230,23,"F","norsk","Vest-Agder","norsk","norsk","vgs","N",0.957904109682556
"06c5c34c722198157992da91c9251e11",17,"localTop",603,1,886379,23,"F","norsk","Vest-Agder","norsk","norsk","vgs","N",-1.20533321550462
"06c5c34c722198157992da91c9251e11",212,"LongSubjectNoIsl",97,7,14537,23,"F","norsk","Vest-Agder","norsk","norsk","vgs","N",0.957904109682556
"06c5c34c722198157992da91c9251e11",297,"BF",323,6,15310,23,"F","norsk","Vest-Agder","norsk","norsk","vgs","N",0.597364555484694
"06c5c34c722198157992da91c9251e11",102,"LongFordiIsl",14,6,24673,23,"F","norsk","Vest-Agder","norsk","norsk","vgs","N",0.597364555484694
"06c5c34c722198157992da91c9251e11",306,"BF",213,1,7716,23,"F","norsk","Vest-Agder","norsk","norsk","vgs","N",-1.20533321550462
"06c5c34c722198157992da91c9251e11",60,"LongFordiNoIsl",3,5,12001,23,"F","norsk","Vest-Agder","norsk","norsk","vgs","N",0.236825001286831
"06c5c34c722198157992da91c9251e11",308,"BF",202,1,5759,23,"F","norsk","Vest-Agder","norsk","norsk","vgs","N",-1.20533321550462
"06c5c34c722198157992da91c9251e11",223,"ShortSubjectNoIsl",100,5,18036,23,"F","norsk","Vest-Agder","norsk","norsk","vgs","N",0.236825001286831
"06c5c34c722198157992da91c9251e11",270,"LongSubjectIsl",118,1,1048081,23,"F","norsk","Vest-Agder","norsk","norsk","vgs","N",-1.20533321550462
"06c5c34c722198157992da91c9251e11",280,"BF",306,5,15353,23,"F","norsk","Vest-Agder","norsk","norsk","vgs","N",0.236825001286831
"06c5c34c722198157992da91c9251e11",201,"ShortAdjunctIsl",69,7,13272,23,"F","norsk","Vest-Agder","norsk","norsk","vgs","N",0.957904109682556
"06c5c34c722198157992da91c9251e11",302,"BF",328,1,12312,23,"F","norsk","Vest-Agder","norsk","norsk","vgs","N",-1.20533321550462
"06c5c34c722198157992da91c9251e11",233,"ShortSubjectIsl",104,7,12834,23,"F","norsk","Vest-Agder","norsk","norsk","vgs","N",0.957904109682556
"06c5c34c722198157992da91c9251e11",286,"BF",312,4,12116,23,"F","norsk","Vest-Agder","norsk","norsk","vgs","N",-0.123714552911031
"06c5c34c722198157992da91c9251e11",191,"ShortAdjunctNoIsl",66,7,9070,23,"F","norsk","Vest-Agder","norsk","norsk","vgs","N",0.957904109682556
"06c5c34c722198157992da91c9251e11",196,"LongAdjunctNoIsl",68,7,8571,23,"F","norsk","Vest-Agder","norsk","norsk","vgs","N",0.957904109682556
"06c5c34c722198157992da91c9251e11",311,"BF",205,1,8959,23,"F","norsk","Vest-Agder","norsk","norsk","vgs","N",-1.20533321550462
"06c5c34c722198157992da91c9251e11",190,"LongAdjunctIsl",65,1,8565,23,"F","norsk","Vest-Agder","norsk","norsk","vgs","N",-1.20533321550462
"06c5c34c722198157992da91c9251e11",300,"BF",326,4,19350,23,"F","norsk","Vest-Agder","norsk","norsk","vgs","N",-0.123714552911031
"06c5c34c722198157992da91c9251e11",87,"ShortFordiNoIsl",11,7,11412,23,"F","norsk","Vest-Agder","norsk","norsk","vgs","N",0.957904109682556
"06c5c34c722198157992da91c9251e11",313,"BF",207,1,7235,23,"F","norsk","Vest-Agder","norsk","norsk","vgs","N",-1.20533321550462
"06c5c34c722198157992da91c9251e11",244,"LongSubjectNoIsl",108,7,11263,23,"F","norsk","Vest-Agder","norsk","norsk","vgs","N",0.957904109682556
"06c5c34c722198157992da91c9251e11",97,"ShortFordiIsl",13,7,5473,23,"F","norsk","Vest-Agder","norsk","norsk","vgs","N",0.957904109682556
"06c5c34c722198157992da91c9251e11",296,"BF",322,1,15342,23,"F","norsk","Vest-Agder","norsk","norsk","vgs","N",-1.20533321550462
"06c5c34c722198157992da91c9251e11",86,"LongFordiIsl",10,7,9100,23,"F","norsk","Vest-Agder","norsk","norsk","vgs","N",0.957904109682556
"06c5c34c722198157992da91c9251e11",18,"localTop",604,7,9334,23,"F","norsk","Vest-Agder","norsk","norsk","vgs","N",0.957904109682556
"06c5c34c722198157992da91c9251e11",36,"longWhetherNoI",21,1,11105,23,"F","norsk","Vest-Agder","norsk","norsk","vgs","N",-1.20533321550462
"06c5c34c722198157992da91c9251e11",289,"BF",315,1,13898,23,"F","norsk","Vest-Agder","norsk","norsk","vgs","N",-1.20533321550462
"06c5c34c722198157992da91c9251e11",108,"LongFordiNoIsl",17,7,10722,23,"F","norsk","Vest-Agder","norsk","norsk","vgs","N",0.957904109682556
"06c5c34c722198157992da91c9251e11",46,"longWhetherIsla",23,7,10380,23,"F","norsk","Vest-Agder","norsk","norsk","vgs","N",0.957904109682556
"06c5c34c722198157992da91c9251e11",301,"BF",327,2,13366,23,"F","norsk","Vest-Agder","norsk","norsk","vgs","N",-0.844793661306756
"06c5c34c722198157992da91c9251e11",255,"ShortSubjectNoIsl",113,7,9637,23,"F","norsk","Vest-Agder","norsk","norsk","vgs","N",0.957904109682556
"06c5c34c722198157992da91c9251e11",312,"BF",206,1,18194,23,"F","norsk","Vest-Agder","norsk","norsk","vgs","N",-1.20533321550462
"06c5c34c722198157992da91c9251e11",25,"shortWhetherIsl",18,7,12169,23,"F","norsk","Vest-Agder","norsk","norsk","vgs","N",0.957904109682556
"06c5c34c722198157992da91c9251e11",298,"BF",324,1,4594,23,"F","norsk","Vest-Agder","norsk","norsk","vgs","N",-1.20533321550462
"06c5c34c722198157992da91c9251e11",238,"LongSubjectIsl",106,3,16600,23,"F","norsk","Vest-Agder","norsk","norsk","vgs","N",-0.484254107108894
"06c5c34c722198157992da91c9251e11",31,"shortWhetherNoI",20,3,14881,23,"F","norsk","Vest-Agder","norsk","norsk","vgs","N",-0.484254107108894
"06c5c34c722198157992da91c9251e11",285,"BF",311,7,34832,23,"F","norsk","Vest-Agder","norsk","norsk","vgs","N",0.957904109682556
"06c5c34c722198157992da91c9251e11",185,"ShortAdjunctIsl",64,7,7627,23,"F","norsk","Vest-Agder","norsk","norsk","vgs","N",0.957904109682556
"06c5c34c722198157992da91c9251e11",310,"BF",204,1,5699,23,"F","norsk","Vest-Agder","norsk","norsk","vgs","N",-1.20533321550462
"06c5c34c722198157992da91c9251e11",265,"ShortSubjectIsl",117,7,11664,23,"F","norsk","Vest-Agder","norsk","norsk","vgs","N",0.957904109682556
"06c5c34c722198157992da91c9251e11",276,"BF",302,1,5991,23,"F","norsk","Vest-Agder","norsk","norsk","vgs","N",-1.20533321550462
"06c5c34c722198157992da91c9251e11",143,"ShortAdjunctNoIsl",54,7,12866,23,"F","norsk","Vest-Agder","norsk","norsk","vgs","N",0.957904109682556
"06c5c34c722198157992da91c9251e11",180,"LongAdjunctNoIsl",63,7,14410,23,"F","norsk","Vest-Agder","norsk","norsk","vgs","N",0.957904109682556
"06c5c34c722198157992da91c9251e11",305,"BF",332,1,6635,23,"F","norsk","Vest-Agder","norsk","norsk","vgs","N",-1.20533321550462
"06c5c34c722198157992da91c9251e11",158,"LongAdjunctIsl",57,7,5967,23,"F","norsk","Vest-Agder","norsk","norsk","vgs","N",0.957904109682556
"06c5c34c722198157992da91c9251e11",304,"BF",331,1,6378,23,"F","norsk","Vest-Agder","norsk","norsk","vgs","N",-1.20533321550462
"06c5c34c722198157992da91c9251e11",103,"ShortFordiNoIsl",15,7,12591,23,"F","norsk","Vest-Agder","norsk","norsk","vgs","N",0.957904109682556
"06c5c34c722198157992da91c9251e11",295,"BF",321,1,7426,23,"F","norsk","Vest-Agder","norsk","norsk","vgs","N",-1.20533321550462
"06c5c34c722198157992da91c9251e11",228,"LongSubjectNoIsl",103,7,11162,23,"F","norsk","Vest-Agder","norsk","norsk","vgs","N",0.957904109682556
"06c5c34c722198157992da91c9251e11",15,"localTop",601,7,12375,23,"F","norsk","Vest-Agder","norsk","norsk","vgs","N",0.957904109682556
"06c5c34c722198157992da91c9251e11",65,"ShortFordiIsl",4,4,14824,23,"F","norsk","Vest-Agder","norsk","norsk","vgs","N",-0.123714552911031
"17040900c5cec16dcdd606b435068b91",52,"LongFordiNoIsl",1,6,21834,20,"F","norsk","Sunnmøre","norsk","norsk","vgs","N",0.819408212636625
"17040900c5cec16dcdd606b435068b91",172,"LongAdjunctNoIsl",61,7,8203,20,"F","norsk","Sunnmøre","norsk","norsk","vgs","N",1.23316879525512
"17040900c5cec16dcdd606b435068b91",280,"BF",306,3,8833,20,"F","norsk","Sunnmøre","norsk","norsk","vgs","N",-0.421873535218857
"17040900c5cec16dcdd606b435068b91",150,"LongAdjunctIsl",55,5,31691,20,"F","norsk","Sunnmøre","norsk","norsk","vgs","N",0.405647630018131
"17040900c5cec16dcdd606b435068b91",292,"BF",318,3,11313,20,"F","norsk","Sunnmøre","norsk","norsk","vgs","N",-0.421873535218857
"17040900c5cec16dcdd606b435068b91",209,"ShortAdjunctIsl",72,7,6898,20,"F","norsk","Sunnmøre","norsk","norsk","vgs","N",1.23316879525512
"17040900c5cec16dcdd606b435068b91",279,"BF",305,2,4078,20,"F","norsk","Sunnmøre","norsk","norsk","vgs","N",-0.83563411783735
"17040900c5cec16dcdd606b435068b91",89,"ShortFordiIsl",11,7,22077,20,"F","norsk","Sunnmøre","norsk","norsk","vgs","N",1.23316879525512
"17040900c5cec16dcdd606b435068b91",151,"ShortAdjunctNoIsl",56,6,11585,20,"F","norsk","Sunnmøre","norsk","norsk","vgs","N",0.819408212636625
"17040900c5cec16dcdd606b435068b91",299,"BF",325,2,5467,20,"F","norsk","Sunnmøre","norsk","norsk","vgs","N",-0.83563411783735
"17040900c5cec16dcdd606b435068b91",225,"ShortSubjectIsl",100,4,10900,20,"F","norsk","Sunnmøre","norsk","norsk","vgs","N",-0.0081129526003626
"17040900c5cec16dcdd606b435068b91",286,"BF",312,1,7283,20,"F","norsk","Sunnmøre","norsk","norsk","vgs","N",-1.24939470045584
"17040900c5cec16dcdd606b435068b91",84,"LongFordiNoIsl",10,1,7559,20,"F","norsk","Sunnmøre","norsk","norsk","vgs","N",-1.24939470045584
"17040900c5cec16dcdd606b435068b91",296,"BF",322,1,7437,20,"F","norsk","Sunnmøre","norsk","norsk","vgs","N",-1.24939470045584
"17040900c5cec16dcdd606b435068b91",188,"LongAdjunctNoIsl",65,2,18534,20,"F","norsk","Sunnmøre","norsk","norsk","vgs","N",-0.83563411783735
"17040900c5cec16dcdd606b435068b91",182,"LongAdjunctIsl",63,5,13577,20,"F","norsk","Sunnmøre","norsk","norsk","vgs","N",0.405647630018131
"17040900c5cec16dcdd606b435068b91",294,"BF",320,1,5714,20,"F","norsk","Sunnmøre","norsk","norsk","vgs","N",-1.24939470045584
"17040900c5cec16dcdd606b435068b91",78,"LongFordiIsl",8,3,22995,20,"F","norsk","Sunnmøre","norsk","norsk","vgs","N",-0.421873535218857
"17040900c5cec16dcdd606b435068b91",284,"BF",310,1,6774,20,"F","norsk","Sunnmøre","norsk","norsk","vgs","N",-1.24939470045584
"17040900c5cec16dcdd606b435068b91",177,"ShortAdjunctIsl",62,7,13694,20,"F","norsk","Sunnmøre","norsk","norsk","vgs","N",1.23316879525512
"17040900c5cec16dcdd606b435068b91",313,"BF",207,2,8450,20,"F","norsk","Sunnmøre","norsk","norsk","vgs","N",-0.83563411783735
"17040900c5cec16dcdd606b435068b91",247,"ShortSubjectNoIsl",109,5,26148,20,"F","norsk","Sunnmøre","norsk","norsk","vgs","N",0.405647630018131
"17040900c5cec16dcdd606b435068b91",79,"ShortFordiNoIsl",9,7,14079,20,"F","norsk","Sunnmøre","norsk","norsk","vgs","N",1.23316879525512
"17040900c5cec16dcdd606b435068b91",275,"BF",301,1,4270,20,"F","norsk","Sunnmøre","norsk","norsk","vgs","N",-1.24939470045584
"17040900c5cec16dcdd606b435068b91",57,"ShortFordiIsl",2,7,7919,20,"F","norsk","Sunnmøre","norsk","norsk","vgs","N",1.23316879525512
"17040900c5cec16dcdd606b435068b91",287,"BF",313,1,6445,20,"F","norsk","Sunnmøre","norsk","norsk","vgs","N",-1.24939470045584
"17040900c5cec16dcdd606b435068b91",246,"LongSubjectIsl",108,6,302617,20,"F","norsk","Sunnmøre","norsk","norsk","vgs","N",0.819408212636625
"17040900c5cec16dcdd606b435068b91",16,"localTop",602,5,20416,20,"F","norsk","Sunnmøre","norsk","norsk","vgs","N",0.405647630018131
"17040900c5cec16dcdd606b435068b91",135,"ShortAdjunctNoIsl",52,7,59801,20,"F","norsk","Sunnmøre","norsk","norsk","vgs","N",1.23316879525512
"17040900c5cec16dcdd606b435068b91",220,"LongSubjectNoIsl",99,7,41874,20,"F","norsk","Sunnmøre","norsk","norsk","vgs","N",1.23316879525512
"17040900c5cec16dcdd606b435068b91",306,"BF",213,2,10220,20,"F","norsk","Sunnmøre","norsk","norsk","vgs","N",-0.83563411783735
"17040900c5cec16dcdd606b435068b91",241,"ShortSubjectIsl",107,7,30339,20,"F","norsk","Sunnmøre","norsk","norsk","vgs","N",1.23316879525512
"17040900c5cec16dcdd606b435068b91",277,"BF",303,3,5602,20,"F","norsk","Sunnmøre","norsk","norsk","vgs","N",-0.421873535218857
"17040900c5cec16dcdd606b435068b91",100,"LongFordiNoIsl",14,2,13246,20,"F","norsk","Sunnmøre","norsk","norsk","vgs","N",-0.83563411783735
"17040900c5cec16dcdd606b435068b91",283,"BF",309,1,17865,20,"F","norsk","Sunnmøre","norsk","norsk","vgs","N",-1.24939470045584
"17040900c5cec16dcdd606b435068b91",156,"LongAdjunctNoIsl",57,6,5708,20,"F","norsk","Sunnmøre","norsk","norsk","vgs","N",0.819408212636625
"17040900c5cec16dcdd606b435068b91",166,"LongAdjunctIsl",59,7,18702,20,"F","norsk","Sunnmøre","norsk","norsk","vgs","N",1.23316879525512
"17040900c5cec16dcdd606b435068b91",293,"BF",319,2,8840,20,"F","norsk","Sunnmøre","norsk","norsk","vgs","N",-0.83563411783735
"17040900c5cec16dcdd606b435068b91",122,"LongFordiIsl",21,6,17142,20,"F","norsk","Sunnmøre","norsk","norsk","vgs","N",0.819408212636625
"17040900c5cec16dcdd606b435068b91",278,"BF",304,1,5345,20,"F","norsk","Sunnmøre","norsk","norsk","vgs","N",-1.24939470045584
"17040900c5cec16dcdd606b435068b91",161,"ShortAdjunctIsl",58,3,16454,20,"F","norsk","Sunnmøre","norsk","norsk","vgs","N",-0.421873535218857
"17040900c5cec16dcdd606b435068b91",291,"BF",317,2,8363,20,"F","norsk","Sunnmøre","norsk","norsk","vgs","N",-0.83563411783735
"17040900c5cec16dcdd606b435068b91",231,"ShortSubjectNoIsl",104,6,11761,20,"F","norsk","Sunnmøre","norsk","norsk","vgs","N",0.819408212636625
"17040900c5cec16dcdd606b435068b91",105,"ShortFordiIsl",15,2,9022,20,"F","norsk","Sunnmøre","norsk","norsk","vgs","N",-0.83563411783735
"17040900c5cec16dcdd606b435068b91",301,"BF",327,1,7430,20,"F","norsk","Sunnmøre","norsk","norsk","vgs","N",-1.24939470045584
"17040900c5cec16dcdd606b435068b91",214,"LongSubjectIsl",97,1,7898,20,"F","norsk","Sunnmøre","norsk","norsk","vgs","N",-1.24939470045584
"17040900c5cec16dcdd606b435068b91",298,"BF",324,1,8915,20,"F","norsk","Sunnmøre","norsk","norsk","vgs","N",-1.24939470045584
"17040900c5cec16dcdd606b435068b91",23,"shortWhetherNoI",18,7,7855,20,"F","norsk","Sunnmøre","norsk","norsk","vgs","N",1.23316879525512
"17040900c5cec16dcdd606b435068b91",312,"BF",206,1,13023,20,"F","norsk","Sunnmøre","norsk","norsk","vgs","N",-1.24939470045584
"17040900c5cec16dcdd606b435068b91",167,"ShortAdjunctNoIsl",60,1,6231,20,"F","norsk","Sunnmøre","norsk","norsk","vgs","N",-1.24939470045584
"17040900c5cec16dcdd606b435068b91",268,"LongSubjectNoIsl",118,6,26331,20,"F","norsk","Sunnmøre","norsk","norsk","vgs","N",0.819408212636625
"17040900c5cec16dcdd606b435068b91",15,"localTop",601,7,7293,20,"F","norsk","Sunnmøre","norsk","norsk","vgs","N",1.23316879525512
"17040900c5cec16dcdd606b435068b91",273,"ShortSubjectIsl",120,7,6669,20,"F","norsk","Sunnmøre","norsk","norsk","vgs","N",1.23316879525512
"17040900c5cec16dcdd606b435068b91",276,"BF",302,1,3310,20,"F","norsk","Sunnmøre","norsk","norsk","vgs","N",-1.24939470045584
"17040900c5cec16dcdd606b435068b91",112,"LongFordiNoIsl",19,7,9485,20,"F","norsk","Sunnmøre","norsk","norsk","vgs","N",1.23316879525512
"17040900c5cec16dcdd606b435068b91",314,"BF",208,2,10201,20,"F","norsk","Sunnmøre","norsk","norsk","vgs","N",-0.83563411783735
"17040900c5cec16dcdd606b435068b91",140,"LongAdjunctNoIsl",53,5,10448,20,"F","norsk","Sunnmøre","norsk","norsk","vgs","N",0.405647630018131
"17040900c5cec16dcdd606b435068b91",285,"BF",311,1,21652,20,"F","norsk","Sunnmøre","norsk","norsk","vgs","N",-1.24939470045584
"17040900c5cec16dcdd606b435068b91",198,"LongAdjunctIsl",68,7,6890,20,"F","norsk","Sunnmøre","norsk","norsk","vgs","N",1.23316879525512
"17040900c5cec16dcdd606b435068b91",62,"LongFordiIsl",3,2,6664,20,"F","norsk","Sunnmøre","norsk","norsk","vgs","N",-0.83563411783735
"17040900c5cec16dcdd606b435068b91",281,"BF",307,1,8930,20,"F","norsk","Sunnmøre","norsk","norsk","vgs","N",-1.24939470045584
"17040900c5cec16dcdd606b435068b91",145,"ShortAdjunctIsl",54,3,12775,20,"F","norsk","Sunnmøre","norsk","norsk","vgs","N",-0.421873535218857
"17040900c5cec16dcdd606b435068b91",307,"BF",201,2,5804,20,"F","norsk","Sunnmøre","norsk","norsk","vgs","N",-0.83563411783735
"17040900c5cec16dcdd606b435068b91",263,"ShortSubjectNoIsl",117,7,13978,20,"F","norsk","Sunnmøre","norsk","norsk","vgs","N",1.23316879525512
"17040900c5cec16dcdd606b435068b91",305,"BF",332,2,7756,20,"F","norsk","Sunnmøre","norsk","norsk","vgs","N",-0.83563411783735
"17040900c5cec16dcdd606b435068b91",95,"ShortFordiNoIsl",13,7,12308,20,"F","norsk","Sunnmøre","norsk","norsk","vgs","N",1.23316879525512
"17040900c5cec16dcdd606b435068b91",117,"ShortFordiIsl",20,7,21428,20,"F","norsk","Sunnmøre","norsk","norsk","vgs","N",1.23316879525512
"17040900c5cec16dcdd606b435068b91",309,"BF",203,2,28991,20,"F","norsk","Sunnmøre","norsk","norsk","vgs","N",-0.83563411783735
"17040900c5cec16dcdd606b435068b91",262,"LongSubjectIsl",116,5,20331,20,"F","norsk","Sunnmøre","norsk","norsk","vgs","N",0.405647630018131
"17040900c5cec16dcdd606b435068b91",297,"BF",323,2,16060,20,"F","norsk","Sunnmøre","norsk","norsk","vgs","N",-0.83563411783735
"17040900c5cec16dcdd606b435068b91",183,"ShortAdjunctNoIsl",64,6,18383,20,"F","norsk","Sunnmøre","norsk","norsk","vgs","N",0.819408212636625
"17040900c5cec16dcdd606b435068b91",303,"BF",329,2,8382,20,"F","norsk","Sunnmøre","norsk","norsk","vgs","N",-0.83563411783735
"17040900c5cec16dcdd606b435068b91",236,"LongSubjectNoIsl",106,6,9439,20,"F","norsk","Sunnmøre","norsk","norsk","vgs","N",0.819408212636625
"17040900c5cec16dcdd606b435068b91",257,"ShortSubjectIsl",113,6,13349,20,"F","norsk","Sunnmøre","norsk","norsk","vgs","N",0.819408212636625
"17040900c5cec16dcdd606b435068b91",304,"BF",331,1,8633,20,"F","norsk","Sunnmøre","norsk","norsk","vgs","N",-1.24939470045584
"17040900c5cec16dcdd606b435068b91",68,"LongFordiNoIsl",6,7,7599,20,"F","norsk","Sunnmøre","norsk","norsk","vgs","N",1.23316879525512
"17040900c5cec16dcdd606b435068b91",18,"localTop",604,7,9712,20,"F","norsk","Sunnmøre","norsk","norsk","vgs","N",1.23316879525512
"17040900c5cec16dcdd606b435068b91",44,"longWhetherNoI",23,6,8429,20,"F","norsk","Sunnmøre","norsk","norsk","vgs","N",0.819408212636625
"17040900c5cec16dcdd606b435068b91",282,"BF",308,4,10981,20,"F","norsk","Sunnmøre","norsk","norsk","vgs","N",-0.0081129526003626
"17040900c5cec16dcdd606b435068b91",204,"LongAdjunctNoIsl",71,7,16127,20,"F","norsk","Sunnmøre","norsk","norsk","vgs","N",1.23316879525512
"17040900c5cec16dcdd606b435068b91",134,"LongAdjunctIsl",50,6,9313,20,"F","norsk","Sunnmøre","norsk","norsk","vgs","N",0.819408212636625
"17040900c5cec16dcdd606b435068b91",300,"BF",326,2,6786,20,"F","norsk","Sunnmøre","norsk","norsk","vgs","N",-0.83563411783735
"17040900c5cec16dcdd606b435068b91",94,"LongFordiIsl",12,7,11767,20,"F","norsk","Sunnmøre","norsk","norsk","vgs","N",1.23316879525512
"17040900c5cec16dcdd606b435068b91",310,"BF",204,2,7186,20,"F","norsk","Sunnmøre","norsk","norsk","vgs","N",-0.83563411783735
"17040900c5cec16dcdd606b435068b91",193,"ShortAdjunctIsl",66,7,14219,20,"F","norsk","Sunnmøre","norsk","norsk","vgs","N",1.23316879525512
"17040900c5cec16dcdd606b435068b91",290,"BF",316,1,7880,20,"F","norsk","Sunnmøre","norsk","norsk","vgs","N",-1.24939470045584
"17040900c5cec16dcdd606b435068b91",215,"ShortSubjectNoIsl",98,6,14266,20,"F","norsk","Sunnmøre","norsk","norsk","vgs","N",0.819408212636625
"17040900c5cec16dcdd606b435068b91",63,"ShortFordiNoIsl",4,5,12129,20,"F","norsk","Sunnmøre","norsk","norsk","vgs","N",0.405647630018131
"17040900c5cec16dcdd606b435068b91",295,"BF",321,2,6058,20,"F","norsk","Sunnmøre","norsk","norsk","vgs","N",-0.83563411783735
"17040900c5cec16dcdd606b435068b91",73,"ShortFordiIsl",7,7,17245,20,"F","norsk","Sunnmøre","norsk","norsk","vgs","N",1.23316879525512
"17040900c5cec16dcdd606b435068b91",288,"BF",314,1,6944,20,"F","norsk","Sunnmøre","norsk","norsk","vgs","N",-1.24939470045584
"17040900c5cec16dcdd606b435068b91",230,"LongSubjectIsl",103,6,18764,20,"F","norsk","Sunnmøre","norsk","norsk","vgs","N",0.819408212636625
"17040900c5cec16dcdd606b435068b91",308,"BF",202,2,11613,20,"F","norsk","Sunnmøre","norsk","norsk","vgs","N",-0.83563411783735
"17040900c5cec16dcdd606b435068b91",39,"shortWhetherNoI",22,6,14987,20,"F","norsk","Sunnmøre","norsk","norsk","vgs","N",0.819408212636625
"17040900c5cec16dcdd606b435068b91",199,"ShortAdjunctNoIsl",69,7,9316,20,"F","norsk","Sunnmøre","norsk","norsk","vgs","N",1.23316879525512
"17040900c5cec16dcdd606b435068b91",311,"BF",205,2,8662,20,"F","norsk","Sunnmøre","norsk","norsk","vgs","N",-0.83563411783735
"17040900c5cec16dcdd606b435068b91",252,"LongSubjectNoIsl",110,6,17921,20,"F","norsk","Sunnmøre","norsk","norsk","vgs","N",0.819408212636625
"17040900c5cec16dcdd606b435068b91",289,"BF",315,1,6898,20,"F","norsk","Sunnmøre","norsk","norsk","vgs","N",-1.24939470045584
"17040900c5cec16dcdd606b435068b91",22,"longWhetherIsla",17,3,13855,20,"F","norsk","Sunnmøre","norsk","norsk","vgs","N",-0.421873535218857
"17040900c5cec16dcdd606b435068b91",302,"BF",328,3,9050,20,"F","norsk","Sunnmøre","norsk","norsk","vgs","N",-0.421873535218857
"17040900c5cec16dcdd606b435068b91",49,"shortWhetherIsl",24,7,5310,20,"F","norsk","Sunnmøre","norsk","norsk","vgs","N",1.23316879525512
"17040900c5cec16dcdd606b435068b91",17,"localTop",603,2,7482,20,"F","norsk","Sunnmøre","norsk","norsk","vgs","N",-0.83563411783735
"185558550af8a16cde090866d19712fb",189,"ShortAdjunctIsl",65,5,18015,21,"m","norsk","østlandet","norsk","norsk/engelsk","vgs","N",0.598682215524314
"185558550af8a16cde090866d19712fb",178,"LongAdjunctIsl",62,2,23404,21,"m","norsk","østlandet","norsk","norsk/engelsk","vgs","N",-0.622629504145286
"185558550af8a16cde090866d19712fb",291,"BF",317,1,7354,21,"m","norsk","østlandet","norsk","norsk/engelsk","vgs","N",-1.02973341070182
"185558550af8a16cde090866d19712fb",106,"LongFordiIsl",15,1,14301,21,"m","norsk","østlandet","norsk","norsk/engelsk","vgs","N",-1.02973341070182
"185558550af8a16cde090866d19712fb",298,"BF",324,1,9409,21,"m","norsk","østlandet","norsk","norsk/engelsk","vgs","N",-1.02973341070182
"185558550af8a16cde090866d19712fb",152,"LongAdjunctNoIsl",56,3,11430,21,"m","norsk","østlandet","norsk","norsk/engelsk","vgs","N",-0.215525597588753
"185558550af8a16cde090866d19712fb",289,"BF",315,2,17353,21,"m","norsk","østlandet","norsk","norsk/engelsk","vgs","N",-0.622629504145286
"185558550af8a16cde090866d19712fb",101,"ShortFordiIsl",14,3,14006,21,"m","norsk","østlandet","norsk","norsk/engelsk","vgs","N",-0.215525597588753
"185558550af8a16cde090866d19712fb",131,"ShortAdjunctNoIsl",50,5,14982,21,"m","norsk","østlandet","norsk","norsk/engelsk","vgs","N",0.598682215524314
"185558550af8a16cde090866d19712fb",311,"BF",205,2,7846,21,"m","norsk","østlandet","norsk","norsk/engelsk","vgs","N",-0.622629504145286
"185558550af8a16cde090866d19712fb",205,"ShortAdjunctIsl",71,7,12296,21,"m","norsk","østlandet","norsk","norsk/engelsk","vgs","N",1.41289002863738
"185558550af8a16cde090866d19712fb",303,"BF",329,1,6876,21,"m","norsk","østlandet","norsk","norsk/engelsk","vgs","N",-1.02973341070182
"185558550af8a16cde090866d19712fb",146,"LongAdjunctIsl",54,2,21629,21,"m","norsk","østlandet","norsk","norsk/engelsk","vgs","N",-0.622629504145286
"185558550af8a16cde090866d19712fb",288,"BF",314,3,12588,21,"m","norsk","østlandet","norsk","norsk/engelsk","vgs","N",-0.215525597588753
"185558550af8a16cde090866d19712fb",74,"LongFordiIsl",7,3,8579,21,"m","norsk","østlandet","norsk","norsk/engelsk","vgs","N",-0.215525597588753
"185558550af8a16cde090866d19712fb",184,"LongAdjunctNoIsl",64,1,9432,21,"m","norsk","østlandet","norsk","norsk/engelsk","vgs","N",-1.02973341070182
"185558550af8a16cde090866d19712fb",290,"BF",316,1,6605,21,"m","norsk","østlandet","norsk","norsk/engelsk","vgs","N",-1.02973341070182
"185558550af8a16cde090866d19712fb",69,"ShortFordiIsl",6,7,18758,21,"m","norsk","østlandet","norsk","norsk/engelsk","vgs","N",1.41289002863738
"185558550af8a16cde090866d19712fb",286,"BF",312,5,11297,21,"m","norsk","østlandet","norsk","norsk/engelsk","vgs","N",0.598682215524314
"185558550af8a16cde090866d19712fb",269,"ShortSubjectIsl",118,7,9616,21,"m","norsk","østlandet","norsk","norsk/engelsk","vgs","N",1.41289002863738
"185558550af8a16cde090866d19712fb",280,"BF",306,7,6716,21,"m","norsk","østlandet","norsk","norsk/engelsk","vgs","N",1.41289002863738
"185558550af8a16cde090866d19712fb",211,"ShortSubjectNoIsl",97,7,11398,21,"m","norsk","østlandet","norsk","norsk/engelsk","vgs","N",1.41289002863738
"185558550af8a16cde090866d19712fb",195,"ShortAdjunctNoIsl",68,7,11672,21,"m","norsk","østlandet","norsk","norsk/engelsk","vgs","N",1.41289002863738
"185558550af8a16cde090866d19712fb",305,"BF",332,2,8362,21,"m","norsk","østlandet","norsk","norsk/engelsk","vgs","N",-0.622629504145286
"185558550af8a16cde090866d19712fb",264,"LongSubjectNoIsl",117,5,8159,21,"m","norsk","østlandet","norsk","norsk/engelsk","vgs","N",0.598682215524314
"185558550af8a16cde090866d19712fb",16,"localTop",602,2,54342,21,"m","norsk","østlandet","norsk","norsk/engelsk","vgs","N",-0.622629504145286
"185558550af8a16cde090866d19712fb",80,"LongFordiNoIsl",9,3,8560,21,"m","norsk","østlandet","norsk","norsk/engelsk","vgs","N",-0.215525597588753
"185558550af8a16cde090866d19712fb",277,"BF",303,2,9579,21,"m","norsk","østlandet","norsk","norsk/engelsk","vgs","N",-0.622629504145286
"185558550af8a16cde090866d19712fb",75,"ShortFordiNoIsl",8,3,8560,21,"m","norsk","østlandet","norsk","norsk/engelsk","vgs","N",-0.215525597588753
"185558550af8a16cde090866d19712fb",226,"LongSubjectIsl",100,1,11868,21,"m","norsk","østlandet","norsk","norsk/engelsk","vgs","N",-1.02973341070182
"185558550af8a16cde090866d19712fb",310,"BF",204,1,8502,21,"m","norsk","østlandet","norsk","norsk/engelsk","vgs","N",-1.02973341070182
"185558550af8a16cde090866d19712fb",141,"ShortAdjunctIsl",53,3,8675,21,"m","norsk","østlandet","norsk","norsk/engelsk","vgs","N",-0.215525597588753
"185558550af8a16cde090866d19712fb",294,"BF",320,1,9589,21,"m","norsk","østlandet","norsk","norsk/engelsk","vgs","N",-1.02973341070182
"185558550af8a16cde090866d19712fb",162,"LongAdjunctIsl",58,5,11481,21,"m","norsk","østlandet","norsk","norsk/engelsk","vgs","N",0.598682215524314
"185558550af8a16cde090866d19712fb",292,"BF",318,4,9900,21,"m","norsk","østlandet","norsk","norsk/engelsk","vgs","N",0.19157830896778
"185558550af8a16cde090866d19712fb",118,"LongFordiIsl",20,4,127331,21,"m","norsk","østlandet","norsk","norsk/engelsk","vgs","N",0.19157830896778
"185558550af8a16cde090866d19712fb",136,"LongAdjunctNoIsl",52,7,15402,21,"m","norsk","østlandet","norsk","norsk/engelsk","vgs","N",1.41289002863738
"185558550af8a16cde090866d19712fb",314,"BF",208,2,14849,21,"m","norsk","østlandet","norsk","norsk/engelsk","vgs","N",-0.622629504145286
"185558550af8a16cde090866d19712fb",85,"ShortFordiIsl",10,7,45040,21,"m","norsk","østlandet","norsk","norsk/engelsk","vgs","N",1.41289002863738
"185558550af8a16cde090866d19712fb",279,"BF",305,1,3183,21,"m","norsk","østlandet","norsk","norsk/engelsk","vgs","N",-1.02973341070182
"185558550af8a16cde090866d19712fb",221,"ShortSubjectIsl",99,6,22981,21,"m","norsk","østlandet","norsk","norsk/engelsk","vgs","N",1.00578612208085
"185558550af8a16cde090866d19712fb",302,"BF",328,2,11317,21,"m","norsk","østlandet","norsk","norsk/engelsk","vgs","N",-0.622629504145286
"185558550af8a16cde090866d19712fb",259,"ShortSubjectNoIsl",116,6,14530,21,"m","norsk","østlandet","norsk","norsk/engelsk","vgs","N",1.00578612208085
"185558550af8a16cde090866d19712fb",163,"ShortAdjunctNoIsl",59,6,47901,21,"m","norsk","østlandet","norsk","norsk/engelsk","vgs","N",1.00578612208085
"185558550af8a16cde090866d19712fb",283,"BF",309,1,12848,21,"m","norsk","østlandet","norsk","norsk/engelsk","vgs","N",-1.02973341070182
"185558550af8a16cde090866d19712fb",232,"LongSubjectNoIsl",104,1,10378,21,"m","norsk","østlandet","norsk","norsk/engelsk","vgs","N",-1.02973341070182
"185558550af8a16cde090866d19712fb",282,"BF",308,3,6993,21,"m","norsk","østlandet","norsk","norsk/engelsk","vgs","N",-0.215525597588753
"185558550af8a16cde090866d19712fb",24,"longWhetherNoI",18,7,8249,21,"m","norsk","østlandet","norsk","norsk/engelsk","vgs","N",1.41289002863738
"185558550af8a16cde090866d19712fb",15,"localTop",601,7,13181,21,"m","norsk","østlandet","norsk","norsk/engelsk","vgs","N",1.41289002863738
"185558550af8a16cde090866d19712fb",107,"ShortFordiNoIsl",17,7,15194,21,"m","norsk","østlandet","norsk","norsk/engelsk","vgs","N",1.41289002863738
"185558550af8a16cde090866d19712fb",242,"LongSubjectIsl",107,1,12162,21,"m","norsk","østlandet","norsk","norsk/engelsk","vgs","N",-1.02973341070182
"185558550af8a16cde090866d19712fb",301,"BF",327,4,11150,21,"m","norsk","østlandet","norsk","norsk/engelsk","vgs","N",0.19157830896778
"185558550af8a16cde090866d19712fb",157,"ShortAdjunctIsl",57,7,9029,21,"m","norsk","østlandet","norsk","norsk/engelsk","vgs","N",1.41289002863738
"185558550af8a16cde090866d19712fb",300,"BF",326,2,11259,21,"m","norsk","østlandet","norsk","norsk/engelsk","vgs","N",-0.622629504145286
"185558550af8a16cde090866d19712fb",210,"LongAdjunctIsl",72,3,9244,21,"m","norsk","østlandet","norsk","norsk/engelsk","vgs","N",-0.215525597588753
"185558550af8a16cde090866d19712fb",281,"BF",307,1,9126,21,"m","norsk","østlandet","norsk","norsk/engelsk","vgs","N",-1.02973341070182
"185558550af8a16cde090866d19712fb",58,"LongFordiIsl",2,1,6777,21,"m","norsk","østlandet","norsk","norsk/engelsk","vgs","N",-1.02973341070182
"185558550af8a16cde090866d19712fb",293,"BF",319,1,5397,21,"m","norsk","østlandet","norsk","norsk/engelsk","vgs","N",-1.02973341070182
"185558550af8a16cde090866d19712fb",200,"LongAdjunctNoIsl",69,1,16955,21,"m","norsk","østlandet","norsk","norsk/engelsk","vgs","N",-1.02973341070182
"185558550af8a16cde090866d19712fb",113,"ShortFordiIsl",19,7,15343,21,"m","norsk","østlandet","norsk","norsk/engelsk","vgs","N",1.41289002863738
"185558550af8a16cde090866d19712fb",313,"BF",207,1,9805,21,"m","norsk","østlandet","norsk","norsk/engelsk","vgs","N",-1.02973341070182
"185558550af8a16cde090866d19712fb",253,"ShortSubjectIsl",110,7,17946,21,"m","norsk","østlandet","norsk","norsk/engelsk","vgs","N",1.41289002863738
"185558550af8a16cde090866d19712fb",307,"BF",201,1,6544,21,"m","norsk","østlandet","norsk","norsk/engelsk","vgs","N",-1.02973341070182
"185558550af8a16cde090866d19712fb",227,"ShortSubjectNoIsl",103,4,10727,21,"m","norsk","østlandet","norsk","norsk/engelsk","vgs","N",0.19157830896778
"185558550af8a16cde090866d19712fb",278,"BF",304,1,9101,21,"m","norsk","østlandet","norsk","norsk/engelsk","vgs","N",-1.02973341070182
"185558550af8a16cde090866d19712fb",179,"ShortAdjunctNoIsl",63,7,13240,21,"m","norsk","østlandet","norsk","norsk/engelsk","vgs","N",1.41289002863738
"185558550af8a16cde090866d19712fb",248,"LongSubjectNoIsl",109,6,25511,21,"m","norsk","østlandet","norsk","norsk/engelsk","vgs","N",1.00578612208085
"185558550af8a16cde090866d19712fb",306,"BF",213,1,11570,21,"m","norsk","østlandet","norsk","norsk/engelsk","vgs","N",-1.02973341070182
"185558550af8a16cde090866d19712fb",64,"LongFordiNoIsl",4,7,9839,21,"m","norsk","østlandet","norsk","norsk/engelsk","vgs","N",1.41289002863738
"185558550af8a16cde090866d19712fb",308,"BF",202,1,8424,21,"m","norsk","østlandet","norsk","norsk/engelsk","vgs","N",-1.02973341070182
"185558550af8a16cde090866d19712fb",91,"ShortFordiNoIsl",12,7,10851,21,"m","norsk","østlandet","norsk","norsk/engelsk","vgs","N",1.41289002863738
"185558550af8a16cde090866d19712fb",304,"BF",331,1,10325,21,"m","norsk","østlandet","norsk","norsk/engelsk","vgs","N",-1.02973341070182
"185558550af8a16cde090866d19712fb",258,"LongSubjectIsl",113,1,18495,21,"m","norsk","østlandet","norsk","norsk/engelsk","vgs","N",-1.02973341070182
"185558550af8a16cde090866d19712fb",173,"ShortAdjunctIsl",61,7,21839,21,"m","norsk","østlandet","norsk","norsk/engelsk","vgs","N",1.41289002863738
"185558550af8a16cde090866d19712fb",18,"localTop",604,6,8930,21,"m","norsk","østlandet","norsk","norsk/engelsk","vgs","N",1.00578612208085
"185558550af8a16cde090866d19712fb",194,"LongAdjunctIsl",66,7,15274,21,"m","norsk","østlandet","norsk","norsk/engelsk","vgs","N",1.41289002863738
"185558550af8a16cde090866d19712fb",275,"BF",301,1,5303,21,"m","norsk","østlandet","norsk","norsk/engelsk","vgs","N",-1.02973341070182
"185558550af8a16cde090866d19712fb",90,"LongFordiIsl",11,5,10432,21,"m","norsk","østlandet","norsk","norsk/engelsk","vgs","N",0.598682215524314
"185558550af8a16cde090866d19712fb",299,"BF",325,1,11229,21,"m","norsk","østlandet","norsk","norsk/engelsk","vgs","N",-1.02973341070182
"185558550af8a16cde090866d19712fb",168,"LongAdjunctNoIsl",60,1,10324,21,"m","norsk","østlandet","norsk","norsk/engelsk","vgs","N",-1.02973341070182
"185558550af8a16cde090866d19712fb",53,"ShortFordiIsl",1,7,16067,21,"m","norsk","østlandet","norsk","norsk/engelsk","vgs","N",1.41289002863738
"185558550af8a16cde090866d19712fb",284,"BF",310,1,10529,21,"m","norsk","østlandet","norsk","norsk/engelsk","vgs","N",-1.02973341070182
"185558550af8a16cde090866d19712fb",35,"shortWhetherNoI",21,6,12120,21,"m","norsk","østlandet","norsk","norsk/engelsk","vgs","N",1.00578612208085
"185558550af8a16cde090866d19712fb",287,"BF",313,1,6777,21,"m","norsk","østlandet","norsk","norsk/engelsk","vgs","N",-1.02973341070182
"185558550af8a16cde090866d19712fb",237,"ShortSubjectIsl",106,5,11581,21,"m","norsk","østlandet","norsk","norsk/engelsk","vgs","N",0.598682215524314
"185558550af8a16cde090866d19712fb",295,"BF",321,1,13317,21,"m","norsk","østlandet","norsk","norsk/engelsk","vgs","N",-1.02973341070182
"185558550af8a16cde090866d19712fb",243,"ShortSubjectNoIsl",108,7,13211,21,"m","norsk","østlandet","norsk","norsk/engelsk","vgs","N",1.41289002863738
"185558550af8a16cde090866d19712fb",147,"ShortAdjunctNoIsl",55,4,10640,21,"m","norsk","østlandet","norsk","norsk/engelsk","vgs","N",0.19157830896778
"185558550af8a16cde090866d19712fb",312,"BF",206,1,7147,21,"m","norsk","østlandet","norsk","norsk/engelsk","vgs","N",-1.02973341070182
"185558550af8a16cde090866d19712fb",216,"LongSubjectNoIsl",98,7,12075,21,"m","norsk","østlandet","norsk","norsk/engelsk","vgs","N",1.41289002863738
"185558550af8a16cde090866d19712fb",276,"BF",302,1,7818,21,"m","norsk","østlandet","norsk","norsk/engelsk","vgs","N",-1.02973341070182
"185558550af8a16cde090866d19712fb",40,"longWhetherNoI",22,6,14100,21,"m","norsk","østlandet","norsk","norsk/engelsk","vgs","N",1.00578612208085
"185558550af8a16cde090866d19712fb",297,"BF",323,2,20722,21,"m","norsk","østlandet","norsk","norsk/engelsk","vgs","N",-0.622629504145286
"185558550af8a16cde090866d19712fb",96,"LongFordiNoIsl",13,4,12799,21,"m","norsk","østlandet","norsk","norsk/engelsk","vgs","N",0.19157830896778
"185558550af8a16cde090866d19712fb",59,"ShortFordiNoIsl",3,7,8917,21,"m","norsk","østlandet","norsk","norsk/engelsk","vgs","N",1.41289002863738
"185558550af8a16cde090866d19712fb",309,"BF",203,1,6851,21,"m","norsk","østlandet","norsk","norsk/engelsk","vgs","N",-1.02973341070182
"185558550af8a16cde090866d19712fb",274,"LongSubjectIsl",120,1,6765,21,"m","norsk","østlandet","norsk","norsk/engelsk","vgs","N",-1.02973341070182
"185558550af8a16cde090866d19712fb",296,"BF",322,1,15984,21,"m","norsk","østlandet","norsk","norsk/engelsk","vgs","N",-1.02973341070182
"185558550af8a16cde090866d19712fb",45,"shortWhetherIsl",23,7,16734,21,"m","norsk","østlandet","norsk","norsk/engelsk","vgs","N",1.41289002863738
"185558550af8a16cde090866d19712fb",17,"localTop",603,1,18166,21,"m","norsk","østlandet","norsk","norsk/engelsk","vgs","N",-1.02973341070182
"185558550af8a16cde090866d19712fb",50,"longWhetherIsla",24,4,8127,21,"m","norsk","østlandet","norsk","norsk/engelsk","vgs","N",0.19157830896778
"185558550af8a16cde090866d19712fb",285,"BF",311,2,8625,21,"m","norsk","østlandet","norsk","norsk/engelsk","vgs","N",-0.622629504145286
"1a52fb2deef792e95cfa1727c47367b3",114,"LongFordiIsl",19,3,15722,25,"M","norsk","Midt-Troms","norsk","norsk","BA","Y",-0.770807721547787
"1a52fb2deef792e95cfa1727c47367b3",169,"ShortAdjunctIsl",60,7,8317,25,"M","norsk","Midt-Troms","norsk","norsk","BA","Y",0.902009035853794
"1a52fb2deef792e95cfa1727c47367b3",284,"BF",310,2,10231,25,"M","norsk","Midt-Troms","norsk","norsk","BA","Y",-1.18901191089818
"1a52fb2deef792e95cfa1727c47367b3",142,"LongAdjunctIsl",53,3,22290,25,"M","norsk","Midt-Troms","norsk","norsk","BA","Y",-0.770807721547787
"1a52fb2deef792e95cfa1727c47367b3",280,"BF",306,7,8071,25,"M","norsk","Midt-Troms","norsk","norsk","BA","Y",0.902009035853794
"1a52fb2deef792e95cfa1727c47367b3",191,"ShortAdjunctNoIsl",66,7,7571,25,"M","norsk","Midt-Troms","norsk","norsk","BA","Y",0.902009035853794
"1a52fb2deef792e95cfa1727c47367b3",292,"BF",318,1,19747,25,"M","norsk","Midt-Troms","norsk","norsk","BA","Y",-1.60721610024858
"1a52fb2deef792e95cfa1727c47367b3",180,"LongAdjunctNoIsl",63,6,9753,25,"M","norsk","Midt-Troms","norsk","norsk","BA","Y",0.483804846503399
"1a52fb2deef792e95cfa1727c47367b3",254,"LongSubjectIsl",110,3,28693,25,"M","norsk","Midt-Troms","norsk","norsk","BA","Y",-0.770807721547787
"1a52fb2deef792e95cfa1727c47367b3",313,"BF",207,2,21633,25,"M","norsk","Midt-Troms","norsk","norsk","BA","Y",-1.18901191089818
"1a52fb2deef792e95cfa1727c47367b3",92,"LongFordiNoIsl",12,7,8732,25,"M","norsk","Midt-Troms","norsk","norsk","BA","Y",0.902009035853794
"1a52fb2deef792e95cfa1727c47367b3",300,"BF",326,6,14982,25,"M","norsk","Midt-Troms","norsk","norsk","BA","Y",0.483804846503399
"1a52fb2deef792e95cfa1727c47367b3",228,"LongSubjectNoIsl",103,7,8020,25,"M","norsk","Midt-Troms","norsk","norsk","BA","Y",0.902009035853794
"1a52fb2deef792e95cfa1727c47367b3",288,"BF",314,2,11160,25,"M","norsk","Midt-Troms","norsk","norsk","BA","Y",-1.18901191089818
"1a52fb2deef792e95cfa1727c47367b3",54,"LongFordiIsl",1,1,12894,25,"M","norsk","Midt-Troms","norsk","norsk","BA","Y",-1.60721610024858
"1a52fb2deef792e95cfa1727c47367b3",201,"ShortAdjunctIsl",69,7,14441,25,"M","norsk","Midt-Troms","norsk","norsk","BA","Y",0.902009035853794
"1a52fb2deef792e95cfa1727c47367b3",307,"BF",201,1,6830,25,"M","norsk","Midt-Troms","norsk","norsk","BA","Y",-1.60721610024858
"1a52fb2deef792e95cfa1727c47367b3",190,"LongAdjunctIsl",65,1,18341,25,"M","norsk","Midt-Troms","norsk","norsk","BA","Y",-1.60721610024858
"1a52fb2deef792e95cfa1727c47367b3",291,"BF",317,1,19280,25,"M","norsk","Midt-Troms","norsk","norsk","BA","Y",-1.60721610024858
"1a52fb2deef792e95cfa1727c47367b3",159,"ShortAdjunctNoIsl",58,7,9850,25,"M","norsk","Midt-Troms","norsk","norsk","BA","Y",0.902009035853794
"1a52fb2deef792e95cfa1727c47367b3",289,"BF",315,7,12973,25,"M","norsk","Midt-Troms","norsk","norsk","BA","Y",0.902009035853794
"1a52fb2deef792e95cfa1727c47367b3",249,"ShortSubjectIsl",109,5,21255,25,"M","norsk","Midt-Troms","norsk","norsk","BA","Y",0.0656006571530033
"1a52fb2deef792e95cfa1727c47367b3",223,"ShortSubjectNoIsl",100,7,8044,25,"M","norsk","Midt-Troms","norsk","norsk","BA","Y",0.902009035853794
"1a52fb2deef792e95cfa1727c47367b3",301,"BF",327,4,6284,25,"M","norsk","Midt-Troms","norsk","norsk","BA","Y",-0.352603532197392
"1a52fb2deef792e95cfa1727c47367b3",65,"ShortFordiIsl",4,7,8073,25,"M","norsk","Midt-Troms","norsk","norsk","BA","Y",0.902009035853794
"1a52fb2deef792e95cfa1727c47367b3",312,"BF",206,2,20301,25,"M","norsk","Midt-Troms","norsk","norsk","BA","Y",-1.18901191089818
"1a52fb2deef792e95cfa1727c47367b3",87,"ShortFordiNoIsl",11,7,10792,25,"M","norsk","Midt-Troms","norsk","norsk","BA","Y",0.902009035853794
"1a52fb2deef792e95cfa1727c47367b3",18,"localTop",604,7,15453,25,"M","norsk","Midt-Troms","norsk","norsk","BA","Y",0.902009035853794
"1a52fb2deef792e95cfa1727c47367b3",196,"LongAdjunctNoIsl",68,2,9279,25,"M","norsk","Midt-Troms","norsk","norsk","BA","Y",-1.18901191089818
"1a52fb2deef792e95cfa1727c47367b3",222,"LongSubjectIsl",99,1,13903,25,"M","norsk","Midt-Troms","norsk","norsk","BA","Y",-1.60721610024858
"1a52fb2deef792e95cfa1727c47367b3",310,"BF",204,1,20519,25,"M","norsk","Midt-Troms","norsk","norsk","BA","Y",-1.60721610024858
"1a52fb2deef792e95cfa1727c47367b3",108,"LongFordiNoIsl",17,7,16181,25,"M","norsk","Midt-Troms","norsk","norsk","BA","Y",0.902009035853794
"1a52fb2deef792e95cfa1727c47367b3",308,"BF",202,5,25258,25,"M","norsk","Midt-Troms","norsk","norsk","BA","Y",0.0656006571530033
"1a52fb2deef792e95cfa1727c47367b3",212,"LongSubjectNoIsl",97,7,10815,25,"M","norsk","Midt-Troms","norsk","norsk","BA","Y",0.902009035853794
"1a52fb2deef792e95cfa1727c47367b3",295,"BF",321,4,14400,25,"M","norsk","Midt-Troms","norsk","norsk","BA","Y",-0.352603532197392
"1a52fb2deef792e95cfa1727c47367b3",25,"shortWhetherIsl",18,7,4731,25,"M","norsk","Midt-Troms","norsk","norsk","BA","Y",0.902009035853794
"1a52fb2deef792e95cfa1727c47367b3",86,"LongFordiIsl",10,4,14700,25,"M","norsk","Midt-Troms","norsk","norsk","BA","Y",-0.352603532197392
"1a52fb2deef792e95cfa1727c47367b3",309,"BF",203,2,26595,25,"M","norsk","Midt-Troms","norsk","norsk","BA","Y",-1.18901191089818
"1a52fb2deef792e95cfa1727c47367b3",185,"ShortAdjunctIsl",64,7,5856,25,"M","norsk","Midt-Troms","norsk","norsk","BA","Y",0.902009035853794
"1a52fb2deef792e95cfa1727c47367b3",279,"BF",305,6,10749,25,"M","norsk","Midt-Troms","norsk","norsk","BA","Y",0.483804846503399
"1a52fb2deef792e95cfa1727c47367b3",206,"LongAdjunctIsl",71,6,16246,25,"M","norsk","Midt-Troms","norsk","norsk","BA","Y",0.483804846503399
"1a52fb2deef792e95cfa1727c47367b3",305,"BF",332,1,15540,25,"M","norsk","Midt-Troms","norsk","norsk","BA","Y",-1.60721610024858
"1a52fb2deef792e95cfa1727c47367b3",175,"ShortAdjunctNoIsl",62,7,365409,25,"M","norsk","Midt-Troms","norsk","norsk","BA","Y",0.902009035853794
"1a52fb2deef792e95cfa1727c47367b3",265,"ShortSubjectIsl",117,7,6872,25,"M","norsk","Midt-Troms","norsk","norsk","BA","Y",0.902009035853794
"1a52fb2deef792e95cfa1727c47367b3",287,"BF",313,4,6748,25,"M","norsk","Midt-Troms","norsk","norsk","BA","Y",-0.352603532197392
"1a52fb2deef792e95cfa1727c47367b3",31,"shortWhetherNoI",20,7,6058,25,"M","norsk","Midt-Troms","norsk","norsk","BA","Y",0.902009035853794
"1a52fb2deef792e95cfa1727c47367b3",303,"BF",329,1,17425,25,"M","norsk","Midt-Troms","norsk","norsk","BA","Y",-1.60721610024858
"1a52fb2deef792e95cfa1727c47367b3",271,"ShortSubjectNoIsl",120,7,15733,25,"M","norsk","Midt-Troms","norsk","norsk","BA","Y",0.902009035853794
"1a52fb2deef792e95cfa1727c47367b3",311,"BF",205,7,8898,25,"M","norsk","Midt-Troms","norsk","norsk","BA","Y",0.902009035853794
"1a52fb2deef792e95cfa1727c47367b3",71,"ShortFordiNoIsl",7,7,5550,25,"M","norsk","Midt-Troms","norsk","norsk","BA","Y",0.902009035853794
"1a52fb2deef792e95cfa1727c47367b3",132,"LongAdjunctNoIsl",50,7,4955,25,"M","norsk","Midt-Troms","norsk","norsk","BA","Y",0.902009035853794
"1a52fb2deef792e95cfa1727c47367b3",15,"localTop",601,7,11759,25,"M","norsk","Midt-Troms","norsk","norsk","BA","Y",0.902009035853794
"1a52fb2deef792e95cfa1727c47367b3",238,"LongSubjectIsl",106,1,8413,25,"M","norsk","Midt-Troms","norsk","norsk","BA","Y",-1.60721610024858
"1a52fb2deef792e95cfa1727c47367b3",286,"BF",312,4,9355,25,"M","norsk","Midt-Troms","norsk","norsk","BA","Y",-0.352603532197392
"1a52fb2deef792e95cfa1727c47367b3",76,"LongFordiNoIsl",8,5,17934,25,"M","norsk","Midt-Troms","norsk","norsk","BA","Y",0.0656006571530033
"1a52fb2deef792e95cfa1727c47367b3",314,"BF",208,2,11145,25,"M","norsk","Midt-Troms","norsk","norsk","BA","Y",-1.18901191089818
"1a52fb2deef792e95cfa1727c47367b3",260,"LongSubjectNoIsl",116,7,12433,25,"M","norsk","Midt-Troms","norsk","norsk","BA","Y",0.902009035853794
"1a52fb2deef792e95cfa1727c47367b3",304,"BF",331,1,12268,25,"M","norsk","Midt-Troms","norsk","norsk","BA","Y",-1.60721610024858
"1a52fb2deef792e95cfa1727c47367b3",102,"LongFordiIsl",14,6,11952,25,"M","norsk","Midt-Troms","norsk","norsk","BA","Y",0.483804846503399
"1a52fb2deef792e95cfa1727c47367b3",153,"ShortAdjunctIsl",56,7,12440,25,"M","norsk","Midt-Troms","norsk","norsk","BA","Y",0.902009035853794
"1a52fb2deef792e95cfa1727c47367b3",281,"BF",307,2,7589,25,"M","norsk","Midt-Troms","norsk","norsk","BA","Y",-1.18901191089818
"1a52fb2deef792e95cfa1727c47367b3",174,"LongAdjunctIsl",61,6,9728,25,"M","norsk","Midt-Troms","norsk","norsk","BA","Y",0.483804846503399
"1a52fb2deef792e95cfa1727c47367b3",290,"BF",316,2,13199,25,"M","norsk","Midt-Troms","norsk","norsk","BA","Y",-1.18901191089818
"1a52fb2deef792e95cfa1727c47367b3",143,"ShortAdjunctNoIsl",54,7,21104,25,"M","norsk","Midt-Troms","norsk","norsk","BA","Y",0.902009035853794
"1a52fb2deef792e95cfa1727c47367b3",278,"BF",304,1,10033,25,"M","norsk","Midt-Troms","norsk","norsk","BA","Y",-1.60721610024858
"1a52fb2deef792e95cfa1727c47367b3",217,"ShortSubjectIsl",98,7,7117,25,"M","norsk","Midt-Troms","norsk","norsk","BA","Y",0.902009035853794
"1a52fb2deef792e95cfa1727c47367b3",239,"ShortSubjectNoIsl",107,7,7687,25,"M","norsk","Midt-Troms","norsk","norsk","BA","Y",0.902009035853794
"1a52fb2deef792e95cfa1727c47367b3",294,"BF",320,1,5412,25,"M","norsk","Midt-Troms","norsk","norsk","BA","Y",-1.60721610024858
"1a52fb2deef792e95cfa1727c47367b3",97,"ShortFordiIsl",13,7,7292,25,"M","norsk","Midt-Troms","norsk","norsk","BA","Y",0.902009035853794
"1a52fb2deef792e95cfa1727c47367b3",293,"BF",319,2,12068,25,"M","norsk","Midt-Troms","norsk","norsk","BA","Y",-1.18901191089818
"1a52fb2deef792e95cfa1727c47367b3",55,"ShortFordiNoIsl",2,7,6755,25,"M","norsk","Midt-Troms","norsk","norsk","BA","Y",0.902009035853794
"1a52fb2deef792e95cfa1727c47367b3",299,"BF",325,1,10463,25,"M","norsk","Midt-Troms","norsk","norsk","BA","Y",-1.60721610024858
"1a52fb2deef792e95cfa1727c47367b3",148,"LongAdjunctNoIsl",55,6,14701,25,"M","norsk","Midt-Troms","norsk","norsk","BA","Y",0.483804846503399
"1a52fb2deef792e95cfa1727c47367b3",270,"LongSubjectIsl",118,2,9126,25,"M","norsk","Midt-Troms","norsk","norsk","BA","Y",-1.18901191089818
"1a52fb2deef792e95cfa1727c47367b3",297,"BF",323,7,4360,25,"M","norsk","Midt-Troms","norsk","norsk","BA","Y",0.902009035853794
"1a52fb2deef792e95cfa1727c47367b3",60,"LongFordiNoIsl",3,7,13299,25,"M","norsk","Midt-Troms","norsk","norsk","BA","Y",0.902009035853794
"1a52fb2deef792e95cfa1727c47367b3",16,"localTop",602,6,14338,25,"M","norsk","Midt-Troms","norsk","norsk","BA","Y",0.483804846503399
"1a52fb2deef792e95cfa1727c47367b3",244,"LongSubjectNoIsl",108,7,11583,25,"M","norsk","Midt-Troms","norsk","norsk","BA","Y",0.902009035853794
"1a52fb2deef792e95cfa1727c47367b3",298,"BF",324,4,4084,25,"M","norsk","Midt-Troms","norsk","norsk","BA","Y",-0.352603532197392
"1a52fb2deef792e95cfa1727c47367b3",41,"shortWhetherIsl",22,7,8432,25,"M","norsk","Midt-Troms","norsk","norsk","BA","Y",0.902009035853794
"1a52fb2deef792e95cfa1727c47367b3",70,"LongFordiIsl",6,7,10678,25,"M","norsk","Midt-Troms","norsk","norsk","BA","Y",0.902009035853794
"1a52fb2deef792e95cfa1727c47367b3",302,"BF",328,5,13969,25,"M","norsk","Midt-Troms","norsk","norsk","BA","Y",0.0656006571530033
"1a52fb2deef792e95cfa1727c47367b3",36,"longWhetherNoI",21,6,7100,25,"M","norsk","Midt-Troms","norsk","norsk","BA","Y",0.483804846503399
"1a52fb2deef792e95cfa1727c47367b3",276,"BF",302,2,5761,25,"M","norsk","Midt-Troms","norsk","norsk","BA","Y",-1.18901191089818
"1a52fb2deef792e95cfa1727c47367b3",137,"ShortAdjunctIsl",52,7,6421,25,"M","norsk","Midt-Troms","norsk","norsk","BA","Y",0.902009035853794
"1a52fb2deef792e95cfa1727c47367b3",283,"BF",309,1,10082,25,"M","norsk","Midt-Troms","norsk","norsk","BA","Y",-1.60721610024858
"1a52fb2deef792e95cfa1727c47367b3",158,"LongAdjunctIsl",57,5,5827,25,"M","norsk","Midt-Troms","norsk","norsk","BA","Y",0.0656006571530033
"1a52fb2deef792e95cfa1727c47367b3",207,"ShortAdjunctNoIsl",72,6,7054,25,"M","norsk","Midt-Troms","norsk","norsk","BA","Y",0.483804846503399
"1a52fb2deef792e95cfa1727c47367b3",285,"BF",311,4,22621,25,"M","norsk","Midt-Troms","norsk","norsk","BA","Y",-0.352603532197392
"1a52fb2deef792e95cfa1727c47367b3",233,"ShortSubjectIsl",104,7,11373,25,"M","norsk","Midt-Troms","norsk","norsk","BA","Y",0.902009035853794
"1a52fb2deef792e95cfa1727c47367b3",306,"BF",213,7,6195,25,"M","norsk","Midt-Troms","norsk","norsk","BA","Y",0.902009035853794
"1a52fb2deef792e95cfa1727c47367b3",47,"shortWhetherNoI",24,7,9153,25,"M","norsk","Midt-Troms","norsk","norsk","BA","Y",0.902009035853794
"1a52fb2deef792e95cfa1727c47367b3",277,"BF",303,4,7778,25,"M","norsk","Midt-Troms","norsk","norsk","BA","Y",-0.352603532197392
"1a52fb2deef792e95cfa1727c47367b3",255,"ShortSubjectNoIsl",113,7,6052,25,"M","norsk","Midt-Troms","norsk","norsk","BA","Y",0.902009035853794
"1a52fb2deef792e95cfa1727c47367b3",46,"longWhetherIsla",23,7,13450,25,"M","norsk","Midt-Troms","norsk","norsk","BA","Y",0.902009035853794
"1a52fb2deef792e95cfa1727c47367b3",282,"BF",308,6,15008,25,"M","norsk","Midt-Troms","norsk","norsk","BA","Y",0.483804846503399
"1a52fb2deef792e95cfa1727c47367b3",81,"ShortFordiIsl",9,7,14049,25,"M","norsk","Midt-Troms","norsk","norsk","BA","Y",0.902009035853794
"1a52fb2deef792e95cfa1727c47367b3",275,"BF",301,1,12430,25,"M","norsk","Midt-Troms","norsk","norsk","BA","Y",-1.60721610024858
"1a52fb2deef792e95cfa1727c47367b3",103,"ShortFordiNoIsl",15,7,7399,25,"M","norsk","Midt-Troms","norsk","norsk","BA","Y",0.902009035853794
"1a52fb2deef792e95cfa1727c47367b3",296,"BF",322,4,14850,25,"M","norsk","Midt-Troms","norsk","norsk","BA","Y",-0.352603532197392
"1a52fb2deef792e95cfa1727c47367b3",164,"LongAdjunctNoIsl",59,7,5523,25,"M","norsk","Midt-Troms","norsk","norsk","BA","Y",0.902009035853794
"1a52fb2deef792e95cfa1727c47367b3",17,"localTop",603,3,6037,25,"M","norsk","Midt-Troms","norsk","norsk","BA","Y",-0.770807721547787
"1fcf66e973879158def4196ee0db084e",203,"ShortAdjunctNoIsl",71,7,9301,21,"F","norsk","Bergensk","norsk","norsk","vgs","N",1.22972627533846
"1fcf66e973879158def4196ee0db084e",278,"BF",304,1,5699,21,"F","norsk","Bergensk","norsk","norsk","vgs","N",-1.37439995479004
"1fcf66e973879158def4196ee0db084e",208,"LongAdjunctNoIsl",72,2,12508,21,"F","norsk","Bergensk","norsk","norsk","vgs","N",-0.940378916435291
"1fcf66e973879158def4196ee0db084e",314,"BF",208,1,10378,21,"F","norsk","Bergensk","norsk","norsk","vgs","N",-1.37439995479004
"1fcf66e973879158def4196ee0db084e",99,"ShortFordiNoIsl",14,7,12661,21,"F","norsk","Bergensk","norsk","norsk","vgs","N",1.22972627533846
"1fcf66e973879158def4196ee0db084e",298,"BF",324,1,4440,21,"F","norsk","Bergensk","norsk","norsk","vgs","N",-1.37439995479004
"1fcf66e973879158def4196ee0db084e",138,"LongAdjunctIsl",52,2,13480,21,"F","norsk","Bergensk","norsk","norsk","vgs","N",-0.940378916435291
"1fcf66e973879158def4196ee0db084e",197,"ShortAdjunctIsl",68,7,13617,21,"F","norsk","Bergensk","norsk","norsk","vgs","N",1.22972627533846
"1fcf66e973879158def4196ee0db084e",313,"BF",207,1,9659,21,"F","norsk","Bergensk","norsk","norsk","vgs","N",-1.37439995479004
"1fcf66e973879158def4196ee0db084e",267,"ShortSubjectNoIsl",118,7,8258,21,"F","norsk","Bergensk","norsk","norsk","vgs","N",1.22972627533846
"1fcf66e973879158def4196ee0db084e",305,"BF",332,1,8002,21,"F","norsk","Bergensk","norsk","norsk","vgs","N",-1.37439995479004
"1fcf66e973879158def4196ee0db084e",187,"ShortAdjunctNoIsl",65,7,8177,21,"F","norsk","Bergensk","norsk","norsk","vgs","N",1.22972627533846
"1fcf66e973879158def4196ee0db084e",297,"BF",323,1,4400,21,"F","norsk","Bergensk","norsk","norsk","vgs","N",-1.37439995479004
"1fcf66e973879158def4196ee0db084e",229,"ShortSubjectIsl",103,6,7983,21,"F","norsk","Bergensk","norsk","norsk","vgs","N",0.795705236983708
"1fcf66e973879158def4196ee0db084e",160,"LongAdjunctNoIsl",58,7,7041,21,"F","norsk","Bergensk","norsk","norsk","vgs","N",1.22972627533846
"1fcf66e973879158def4196ee0db084e",301,"BF",327,1,7960,21,"F","norsk","Bergensk","norsk","norsk","vgs","N",-1.37439995479004
"1fcf66e973879158def4196ee0db084e",56,"LongFordiNoIsl",2,6,7412,21,"F","norsk","Bergensk","norsk","norsk","vgs","N",0.795705236983708
"1fcf66e973879158def4196ee0db084e",302,"BF",328,4,12146,21,"F","norsk","Bergensk","norsk","norsk","vgs","N",-0.0723368397257918
"1fcf66e973879158def4196ee0db084e",234,"LongSubjectIsl",104,1,12581,21,"F","norsk","Bergensk","norsk","norsk","vgs","N",-1.37439995479004
"1fcf66e973879158def4196ee0db084e",293,"BF",319,7,7547,21,"F","norsk","Bergensk","norsk","norsk","vgs","N",1.22972627533846
"1fcf66e973879158def4196ee0db084e",127,"ShortFordiNoIsl",23,7,8468,21,"F","norsk","Bergensk","norsk","norsk","vgs","N",1.22972627533846
"1fcf66e973879158def4196ee0db084e",240,"LongSubjectNoIsl",107,4,8647,21,"F","norsk","Bergensk","norsk","norsk","vgs","N",-0.0723368397257918
"1fcf66e973879158def4196ee0db084e",307,"BF",201,1,4612,21,"F","norsk","Bergensk","norsk","norsk","vgs","N",-1.37439995479004
"1fcf66e973879158def4196ee0db084e",202,"LongAdjunctIsl",69,5,9504,21,"F","norsk","Bergensk","norsk","norsk","vgs","N",0.361684198628958
"1fcf66e973879158def4196ee0db084e",292,"BF",318,1,7748,21,"F","norsk","Bergensk","norsk","norsk","vgs","N",-1.37439995479004
"1fcf66e973879158def4196ee0db084e",133,"ShortAdjunctIsl",50,7,8043,21,"F","norsk","Bergensk","norsk","norsk","vgs","N",1.22972627533846
"1fcf66e973879158def4196ee0db084e",18,"localTop",604,7,6994,21,"F","norsk","Bergensk","norsk","norsk","vgs","N",1.22972627533846
"1fcf66e973879158def4196ee0db084e",93,"ShortFordiIsl",12,7,12287,21,"F","norsk","Bergensk","norsk","norsk","vgs","N",1.22972627533846
"1fcf66e973879158def4196ee0db084e",82,"LongFordiIsl",9,3,18165,21,"F","norsk","Bergensk","norsk","norsk","vgs","N",-0.506357878080542
"1fcf66e973879158def4196ee0db084e",282,"BF",308,2,12298,21,"F","norsk","Bergensk","norsk","norsk","vgs","N",-0.940378916435291
"1fcf66e973879158def4196ee0db084e",251,"ShortSubjectNoIsl",110,7,7891,21,"F","norsk","Bergensk","norsk","norsk","vgs","N",1.22972627533846
"1fcf66e973879158def4196ee0db084e",275,"BF",301,1,4553,21,"F","norsk","Bergensk","norsk","norsk","vgs","N",-1.37439995479004
"1fcf66e973879158def4196ee0db084e",171,"ShortAdjunctNoIsl",61,5,8533,21,"F","norsk","Bergensk","norsk","norsk","vgs","N",0.361684198628958
"1fcf66e973879158def4196ee0db084e",306,"BF",213,1,6993,21,"F","norsk","Bergensk","norsk","norsk","vgs","N",-1.37439995479004
"1fcf66e973879158def4196ee0db084e",213,"ShortSubjectIsl",97,7,7074,21,"F","norsk","Bergensk","norsk","norsk","vgs","N",1.22972627533846
"1fcf66e973879158def4196ee0db084e",176,"LongAdjunctNoIsl",62,5,6449,21,"F","norsk","Bergensk","norsk","norsk","vgs","N",0.361684198628958
"1fcf66e973879158def4196ee0db084e",304,"BF",331,7,7374,21,"F","norsk","Bergensk","norsk","norsk","vgs","N",1.22972627533846
"1fcf66e973879158def4196ee0db084e",72,"LongFordiNoIsl",7,7,7827,21,"F","norsk","Bergensk","norsk","norsk","vgs","N",1.22972627533846
"1fcf66e973879158def4196ee0db084e",277,"BF",303,4,7300,21,"F","norsk","Bergensk","norsk","norsk","vgs","N",-0.0723368397257918
"1fcf66e973879158def4196ee0db084e",266,"LongSubjectIsl",117,2,8052,21,"F","norsk","Bergensk","norsk","norsk","vgs","N",-0.940378916435291
"1fcf66e973879158def4196ee0db084e",281,"BF",307,1,10416,21,"F","norsk","Bergensk","norsk","norsk","vgs","N",-1.37439995479004
"1fcf66e973879158def4196ee0db084e",32,"longWhetherNoI",20,4,7909,21,"F","norsk","Bergensk","norsk","norsk","vgs","N",-0.0723368397257918
"1fcf66e973879158def4196ee0db084e",83,"ShortFordiNoIsl",10,7,6719,21,"F","norsk","Bergensk","norsk","norsk","vgs","N",1.22972627533846
"1fcf66e973879158def4196ee0db084e",284,"BF",310,2,10087,21,"F","norsk","Bergensk","norsk","norsk","vgs","N",-0.940378916435291
"1fcf66e973879158def4196ee0db084e",224,"LongSubjectNoIsl",100,5,9133,21,"F","norsk","Bergensk","norsk","norsk","vgs","N",0.361684198628958
"1fcf66e973879158def4196ee0db084e",299,"BF",325,2,8812,21,"F","norsk","Bergensk","norsk","norsk","vgs","N",-0.940378916435291
"1fcf66e973879158def4196ee0db084e",170,"LongAdjunctIsl",60,6,5617,21,"F","norsk","Bergensk","norsk","norsk","vgs","N",0.795705236983708
"1fcf66e973879158def4196ee0db084e",303,"BF",329,2,6925,21,"F","norsk","Bergensk","norsk","norsk","vgs","N",-0.940378916435291
"1fcf66e973879158def4196ee0db084e",181,"ShortAdjunctIsl",63,4,8511,21,"F","norsk","Bergensk","norsk","norsk","vgs","N",-0.0723368397257918
"1fcf66e973879158def4196ee0db084e",77,"ShortFordiIsl",8,6,11136,21,"F","norsk","Bergensk","norsk","norsk","vgs","N",0.795705236983708
"1fcf66e973879158def4196ee0db084e",16,"localTop",602,2,8954,21,"F","norsk","Bergensk","norsk","norsk","vgs","N",-0.940378916435291
"1fcf66e973879158def4196ee0db084e",42,"longWhetherIsla",22,4,8178,21,"F","norsk","Bergensk","norsk","norsk","vgs","N",-0.0723368397257918
"1fcf66e973879158def4196ee0db084e",300,"BF",326,4,11378,21,"F","norsk","Bergensk","norsk","norsk","vgs","N",-0.0723368397257918
"1fcf66e973879158def4196ee0db084e",235,"ShortSubjectNoIsl",106,4,10542,21,"F","norsk","Bergensk","norsk","norsk","vgs","N",-0.0723368397257918
"1fcf66e973879158def4196ee0db084e",280,"BF",306,5,6804,21,"F","norsk","Bergensk","norsk","norsk","vgs","N",0.361684198628958
"1fcf66e973879158def4196ee0db084e",155,"ShortAdjunctNoIsl",57,7,5327,21,"F","norsk","Bergensk","norsk","norsk","vgs","N",1.22972627533846
"1fcf66e973879158def4196ee0db084e",283,"BF",309,1,7969,21,"F","norsk","Bergensk","norsk","norsk","vgs","N",-1.37439995479004
"1fcf66e973879158def4196ee0db084e",245,"ShortSubjectIsl",108,7,17280,21,"F","norsk","Bergensk","norsk","norsk","vgs","N",1.22972627533846
"1fcf66e973879158def4196ee0db084e",192,"LongAdjunctNoIsl",66,7,13731,21,"F","norsk","Bergensk","norsk","norsk","vgs","N",1.22972627533846
"1fcf66e973879158def4196ee0db084e",295,"BF",321,2,11691,21,"F","norsk","Bergensk","norsk","norsk","vgs","N",-0.940378916435291
"1fcf66e973879158def4196ee0db084e",88,"LongFordiNoIsl",11,4,20124,21,"F","norsk","Bergensk","norsk","norsk","vgs","N",-0.0723368397257918
"1fcf66e973879158def4196ee0db084e",294,"BF",320,1,5580,21,"F","norsk","Bergensk","norsk","norsk","vgs","N",-1.37439995479004
"1fcf66e973879158def4196ee0db084e",250,"LongSubjectIsl",109,1,10214,21,"F","norsk","Bergensk","norsk","norsk","vgs","N",-1.37439995479004
"1fcf66e973879158def4196ee0db084e",285,"BF",311,3,16410,21,"F","norsk","Bergensk","norsk","norsk","vgs","N",-0.506357878080542
"1fcf66e973879158def4196ee0db084e",67,"ShortFordiNoIsl",6,7,7022,21,"F","norsk","Bergensk","norsk","norsk","vgs","N",1.22972627533846
"1fcf66e973879158def4196ee0db084e",272,"LongSubjectNoIsl",120,7,7038,21,"F","norsk","Bergensk","norsk","norsk","vgs","N",1.22972627533846
"1fcf66e973879158def4196ee0db084e",289,"BF",315,5,7983,21,"F","norsk","Bergensk","norsk","norsk","vgs","N",0.361684198628958
"1fcf66e973879158def4196ee0db084e",186,"LongAdjunctIsl",64,7,9668,21,"F","norsk","Bergensk","norsk","norsk","vgs","N",1.22972627533846
"1fcf66e973879158def4196ee0db084e",291,"BF",317,3,17378,21,"F","norsk","Bergensk","norsk","norsk","vgs","N",-0.506357878080542
"1fcf66e973879158def4196ee0db084e",165,"ShortAdjunctIsl",59,5,14381,21,"F","norsk","Bergensk","norsk","norsk","vgs","N",0.361684198628958
"1fcf66e973879158def4196ee0db084e",287,"BF",313,2,5781,21,"F","norsk","Bergensk","norsk","norsk","vgs","N",-0.940378916435291
"1fcf66e973879158def4196ee0db084e",61,"ShortFordiIsl",3,7,8903,21,"F","norsk","Bergensk","norsk","norsk","vgs","N",1.22972627533846
"1fcf66e973879158def4196ee0db084e",98,"LongFordiIsl",13,5,7096,21,"F","norsk","Bergensk","norsk","norsk","vgs","N",0.361684198628958
"1fcf66e973879158def4196ee0db084e",288,"BF",314,2,5972,21,"F","norsk","Bergensk","norsk","norsk","vgs","N",-0.940378916435291
"1fcf66e973879158def4196ee0db084e",219,"ShortSubjectNoIsl",99,4,9494,21,"F","norsk","Bergensk","norsk","norsk","vgs","N",-0.0723368397257918
"1fcf66e973879158def4196ee0db084e",15,"localTop",601,6,6297,21,"F","norsk","Bergensk","norsk","norsk","vgs","N",0.795705236983708
"1fcf66e973879158def4196ee0db084e",139,"ShortAdjunctNoIsl",53,7,13743,21,"F","norsk","Bergensk","norsk","norsk","vgs","N",1.22972627533846
"1fcf66e973879158def4196ee0db084e",279,"BF",305,3,12146,21,"F","norsk","Bergensk","norsk","norsk","vgs","N",-0.506357878080542
"1fcf66e973879158def4196ee0db084e",37,"shortWhetherIsl",21,5,8715,21,"F","norsk","Bergensk","norsk","norsk","vgs","N",0.361684198628958
"1fcf66e973879158def4196ee0db084e",261,"ShortSubjectIsl",116,6,6011,21,"F","norsk","Bergensk","norsk","norsk","vgs","N",0.795705236983708
"1fcf66e973879158def4196ee0db084e",310,"BF",204,4,11445,21,"F","norsk","Bergensk","norsk","norsk","vgs","N",-0.0723368397257918
"1fcf66e973879158def4196ee0db084e",144,"LongAdjunctNoIsl",54,2,9717,21,"F","norsk","Bergensk","norsk","norsk","vgs","N",-0.940378916435291
"1fcf66e973879158def4196ee0db084e",296,"BF",322,1,7808,21,"F","norsk","Bergensk","norsk","norsk","vgs","N",-1.37439995479004
"1fcf66e973879158def4196ee0db084e",27,"shortWhetherNoI",19,4,7399,21,"F","norsk","Bergensk","norsk","norsk","vgs","N",-0.0723368397257918
"1fcf66e973879158def4196ee0db084e",286,"BF",312,5,6868,21,"F","norsk","Bergensk","norsk","norsk","vgs","N",0.361684198628958
"1fcf66e973879158def4196ee0db084e",104,"LongFordiNoIsl",15,7,6508,21,"F","norsk","Bergensk","norsk","norsk","vgs","N",1.22972627533846
"1fcf66e973879158def4196ee0db084e",218,"LongSubjectIsl",98,2,11026,21,"F","norsk","Bergensk","norsk","norsk","vgs","N",-0.940378916435291
"1fcf66e973879158def4196ee0db084e",308,"BF",202,3,7530,21,"F","norsk","Bergensk","norsk","norsk","vgs","N",-0.506357878080542
"1fcf66e973879158def4196ee0db084e",48,"longWhetherNoI",24,6,5719,21,"F","norsk","Bergensk","norsk","norsk","vgs","N",0.795705236983708
"1fcf66e973879158def4196ee0db084e",276,"BF",302,2,6155,21,"F","norsk","Bergensk","norsk","norsk","vgs","N",-0.940378916435291
"1fcf66e973879158def4196ee0db084e",51,"ShortFordiNoIsl",1,7,11212,21,"F","norsk","Bergensk","norsk","norsk","vgs","N",1.22972627533846
"1fcf66e973879158def4196ee0db084e",312,"BF",206,2,15412,21,"F","norsk","Bergensk","norsk","norsk","vgs","N",-0.940378916435291
"1fcf66e973879158def4196ee0db084e",256,"LongSubjectNoIsl",113,7,22801,21,"F","norsk","Bergensk","norsk","norsk","vgs","N",1.22972627533846
"1fcf66e973879158def4196ee0db084e",154,"LongAdjunctIsl",56,6,14630,21,"F","norsk","Bergensk","norsk","norsk","vgs","N",0.795705236983708
"1fcf66e973879158def4196ee0db084e",311,"BF",205,2,9679,21,"F","norsk","Bergensk","norsk","norsk","vgs","N",-0.940378916435291
"1fcf66e973879158def4196ee0db084e",149,"ShortAdjunctIsl",55,6,9209,21,"F","norsk","Bergensk","norsk","norsk","vgs","N",0.795705236983708
"1fcf66e973879158def4196ee0db084e",309,"BF",203,2,5992,21,"F","norsk","Bergensk","norsk","norsk","vgs","N",-0.940378916435291
"1fcf66e973879158def4196ee0db084e",109,"ShortFordiIsl",17,7,6722,21,"F","norsk","Bergensk","norsk","norsk","vgs","N",1.22972627533846
"1fcf66e973879158def4196ee0db084e",290,"BF",316,2,11251,21,"F","norsk","Bergensk","norsk","norsk","vgs","N",-0.940378916435291
"1fcf66e973879158def4196ee0db084e",66,"LongFordiIsl",4,3,6435,21,"F","norsk","Bergensk","norsk","norsk","vgs","N",-0.506357878080542
"1fcf66e973879158def4196ee0db084e",17,"localTop",603,1,5138,21,"F","norsk","Bergensk","norsk","norsk","vgs","N",-1.37439995479004
"1fcf66e973879158def4196ee0db084e",26,"longWhetherIsla",18,5,4310,21,"F","norsk","Bergensk","norsk","norsk","vgs","N",0.361684198628958
"26e6d711a777ef3b13cc21edfa55ed9f",195,"ShortAdjunctNoIsl",68,5,71156,24,"F","norsk","Trøndelag","norsk","norsk","BA","Y",0.801852952516582
"26e6d711a777ef3b13cc21edfa55ed9f",136,"LongAdjunctNoIsl",52,3,11961,24,"F","norsk","Trøndelag","norsk","norsk","BA","Y",-0.0501158095322864
"26e6d711a777ef3b13cc21edfa55ed9f",305,"BF",332,1,54160,24,"F","norsk","Trøndelag","norsk","norsk","BA","Y",-0.902084571581155
"26e6d711a777ef3b13cc21edfa55ed9f",146,"LongAdjunctIsl",54,1,11984,24,"F","norsk","Trøndelag","norsk","norsk","BA","Y",-0.902084571581155
"26e6d711a777ef3b13cc21edfa55ed9f",311,"BF",205,1,10044,24,"F","norsk","Trøndelag","norsk","norsk","BA","Y",-0.902084571581155
"26e6d711a777ef3b13cc21edfa55ed9f",141,"ShortAdjunctIsl",53,1,5944,24,"F","norsk","Trøndelag","norsk","norsk","BA","Y",-0.902084571581155
"26e6d711a777ef3b13cc21edfa55ed9f",297,"BF",323,3,6636,24,"F","norsk","Trøndelag","norsk","norsk","BA","Y",-0.0501158095322864
"26e6d711a777ef3b13cc21edfa55ed9f",69,"ShortFordiIsl",6,5,21071,24,"F","norsk","Trøndelag","norsk","norsk","BA","Y",0.801852952516582
"26e6d711a777ef3b13cc21edfa55ed9f",147,"ShortAdjunctNoIsl",55,3,9854,24,"F","norsk","Trøndelag","norsk","norsk","BA","Y",-0.0501158095322864
"26e6d711a777ef3b13cc21edfa55ed9f",285,"BF",311,1,12727,24,"F","norsk","Trøndelag","norsk","norsk","BA","Y",-0.902084571581155
"26e6d711a777ef3b13cc21edfa55ed9f",237,"ShortSubjectIsl",106,6,6890,24,"F","norsk","Trøndelag","norsk","norsk","BA","Y",1.22783733354102
"26e6d711a777ef3b13cc21edfa55ed9f",304,"BF",331,1,4947,24,"F","norsk","Trøndelag","norsk","norsk","BA","Y",-0.902084571581155
"26e6d711a777ef3b13cc21edfa55ed9f",200,"LongAdjunctNoIsl",69,1,9185,24,"F","norsk","Trøndelag","norsk","norsk","BA","Y",-0.902084571581155
"26e6d711a777ef3b13cc21edfa55ed9f",295,"BF",321,1,10602,24,"F","norsk","Trøndelag","norsk","norsk","BA","Y",-0.902084571581155
"26e6d711a777ef3b13cc21edfa55ed9f",119,"ShortFordiNoIsl",21,7,11578,24,"F","norsk","Trøndelag","norsk","norsk","BA","Y",1.65382171456545
"26e6d711a777ef3b13cc21edfa55ed9f",226,"LongSubjectIsl",100,1,8024,24,"F","norsk","Trøndelag","norsk","norsk","BA","Y",-0.902084571581155
"26e6d711a777ef3b13cc21edfa55ed9f",286,"BF",312,5,7562,24,"F","norsk","Trøndelag","norsk","norsk","BA","Y",0.801852952516582
"26e6d711a777ef3b13cc21edfa55ed9f",162,"LongAdjunctIsl",58,3,6579,24,"F","norsk","Trøndelag","norsk","norsk","BA","Y",-0.0501158095322864
"26e6d711a777ef3b13cc21edfa55ed9f",312,"BF",206,1,8116,24,"F","norsk","Trøndelag","norsk","norsk","BA","Y",-0.902084571581155
"26e6d711a777ef3b13cc21edfa55ed9f",259,"ShortSubjectNoIsl",116,7,8278,24,"F","norsk","Trøndelag","norsk","norsk","BA","Y",1.65382171456545
"26e6d711a777ef3b13cc21edfa55ed9f",313,"BF",207,1,6877,24,"F","norsk","Trøndelag","norsk","norsk","BA","Y",-0.902084571581155
"26e6d711a777ef3b13cc21edfa55ed9f",173,"ShortAdjunctIsl",61,7,7559,24,"F","norsk","Trøndelag","norsk","norsk","BA","Y",1.65382171456545
"26e6d711a777ef3b13cc21edfa55ed9f",101,"ShortFordiIsl",14,2,12724,24,"F","norsk","Trøndelag","norsk","norsk","BA","Y",-0.47610019055672
"26e6d711a777ef3b13cc21edfa55ed9f",283,"BF",309,1,5205,24,"F","norsk","Trøndelag","norsk","norsk","BA","Y",-0.902084571581155
"26e6d711a777ef3b13cc21edfa55ed9f",96,"LongFordiNoIsl",13,3,6453,24,"F","norsk","Trøndelag","norsk","norsk","BA","Y",-0.0501158095322864
"26e6d711a777ef3b13cc21edfa55ed9f",15,"localTop",601,2,6360,24,"F","norsk","Trøndelag","norsk","norsk","BA","Y",-0.47610019055672
"26e6d711a777ef3b13cc21edfa55ed9f",58,"LongFordiIsl",2,1,6149,24,"F","norsk","Trøndelag","norsk","norsk","BA","Y",-0.902084571581155
"26e6d711a777ef3b13cc21edfa55ed9f",281,"BF",307,1,6307,24,"F","norsk","Trøndelag","norsk","norsk","BA","Y",-0.902084571581155
"26e6d711a777ef3b13cc21edfa55ed9f",248,"LongSubjectNoIsl",109,4,9231,24,"F","norsk","Trøndelag","norsk","norsk","BA","Y",0.375868571492148
"26e6d711a777ef3b13cc21edfa55ed9f",179,"ShortAdjunctNoIsl",63,7,10524,24,"F","norsk","Trøndelag","norsk","norsk","BA","Y",1.65382171456545
"26e6d711a777ef3b13cc21edfa55ed9f",291,"BF",317,1,3932,24,"F","norsk","Trøndelag","norsk","norsk","BA","Y",-0.902084571581155
"26e6d711a777ef3b13cc21edfa55ed9f",269,"ShortSubjectIsl",118,5,12801,24,"F","norsk","Trøndelag","norsk","norsk","BA","Y",0.801852952516582
"26e6d711a777ef3b13cc21edfa55ed9f",308,"BF",202,2,4496,24,"F","norsk","Trøndelag","norsk","norsk","BA","Y",-0.47610019055672
"26e6d711a777ef3b13cc21edfa55ed9f",152,"LongAdjunctNoIsl",56,4,8298,24,"F","norsk","Trøndelag","norsk","norsk","BA","Y",0.375868571492148
"26e6d711a777ef3b13cc21edfa55ed9f",287,"BF",313,1,3731,24,"F","norsk","Trøndelag","norsk","norsk","BA","Y",-0.902084571581155
"26e6d711a777ef3b13cc21edfa55ed9f",75,"ShortFordiNoIsl",8,5,9521,24,"F","norsk","Trøndelag","norsk","norsk","BA","Y",0.801852952516582
"26e6d711a777ef3b13cc21edfa55ed9f",274,"LongSubjectIsl",120,4,6500,24,"F","norsk","Trøndelag","norsk","norsk","BA","Y",0.375868571492148
"26e6d711a777ef3b13cc21edfa55ed9f",303,"BF",329,1,5280,24,"F","norsk","Trøndelag","norsk","norsk","BA","Y",-0.902084571581155
"26e6d711a777ef3b13cc21edfa55ed9f",178,"LongAdjunctIsl",62,2,6840,24,"F","norsk","Trøndelag","norsk","norsk","BA","Y",-0.47610019055672
"26e6d711a777ef3b13cc21edfa55ed9f",309,"BF",203,1,7279,24,"F","norsk","Trøndelag","norsk","norsk","BA","Y",-0.902084571581155
"26e6d711a777ef3b13cc21edfa55ed9f",211,"ShortSubjectNoIsl",97,6,9639,24,"F","norsk","Trøndelag","norsk","norsk","BA","Y",1.22783733354102
"26e6d711a777ef3b13cc21edfa55ed9f",293,"BF",319,1,6378,24,"F","norsk","Trøndelag","norsk","norsk","BA","Y",-0.902084571581155
"26e6d711a777ef3b13cc21edfa55ed9f",205,"ShortAdjunctIsl",71,7,4969,24,"F","norsk","Trøndelag","norsk","norsk","BA","Y",1.65382171456545
"26e6d711a777ef3b13cc21edfa55ed9f",34,"longWhetherIsla",20,1,5606,24,"F","norsk","Trøndelag","norsk","norsk","BA","Y",-0.902084571581155
"26e6d711a777ef3b13cc21edfa55ed9f",290,"BF",316,1,5346,24,"F","norsk","Trøndelag","norsk","norsk","BA","Y",-0.902084571581155
"26e6d711a777ef3b13cc21edfa55ed9f",53,"ShortFordiIsl",1,4,6883,24,"F","norsk","Trøndelag","norsk","norsk","BA","Y",0.375868571492148
"26e6d711a777ef3b13cc21edfa55ed9f",300,"BF",326,2,5308,24,"F","norsk","Trøndelag","norsk","norsk","BA","Y",-0.47610019055672
"26e6d711a777ef3b13cc21edfa55ed9f",124,"LongFordiNoIsl",22,7,6557,24,"F","norsk","Trøndelag","norsk","norsk","BA","Y",1.65382171456545
"26e6d711a777ef3b13cc21edfa55ed9f",16,"localTop",602,1,6015,24,"F","norsk","Trøndelag","norsk","norsk","BA","Y",-0.902084571581155
"26e6d711a777ef3b13cc21edfa55ed9f",106,"LongFordiIsl",15,1,9294,24,"F","norsk","Trøndelag","norsk","norsk","BA","Y",-0.902084571581155
"26e6d711a777ef3b13cc21edfa55ed9f",264,"LongSubjectNoIsl",117,4,6334,24,"F","norsk","Trøndelag","norsk","norsk","BA","Y",0.375868571492148
"26e6d711a777ef3b13cc21edfa55ed9f",277,"BF",303,2,9373,24,"F","norsk","Trøndelag","norsk","norsk","BA","Y",-0.47610019055672
"26e6d711a777ef3b13cc21edfa55ed9f",163,"ShortAdjunctNoIsl",59,7,5861,24,"F","norsk","Trøndelag","norsk","norsk","BA","Y",1.65382171456545
"26e6d711a777ef3b13cc21edfa55ed9f",292,"BF",318,1,4998,24,"F","norsk","Trøndelag","norsk","norsk","BA","Y",-0.902084571581155
"26e6d711a777ef3b13cc21edfa55ed9f",253,"ShortSubjectIsl",110,6,7341,24,"F","norsk","Trøndelag","norsk","norsk","BA","Y",1.22783733354102
"26e6d711a777ef3b13cc21edfa55ed9f",302,"BF",328,2,6045,24,"F","norsk","Trøndelag","norsk","norsk","BA","Y",-0.47610019055672
"26e6d711a777ef3b13cc21edfa55ed9f",184,"LongAdjunctNoIsl",64,1,8943,24,"F","norsk","Trøndelag","norsk","norsk","BA","Y",-0.902084571581155
"26e6d711a777ef3b13cc21edfa55ed9f",275,"BF",301,1,4792,24,"F","norsk","Trøndelag","norsk","norsk","BA","Y",-0.902084571581155
"26e6d711a777ef3b13cc21edfa55ed9f",91,"ShortFordiNoIsl",12,5,15098,24,"F","norsk","Trøndelag","norsk","norsk","BA","Y",0.801852952516582
"26e6d711a777ef3b13cc21edfa55ed9f",242,"LongSubjectIsl",107,1,6575,24,"F","norsk","Trøndelag","norsk","norsk","BA","Y",-0.902084571581155
"26e6d711a777ef3b13cc21edfa55ed9f",282,"BF",308,2,9931,24,"F","norsk","Trøndelag","norsk","norsk","BA","Y",-0.47610019055672
"26e6d711a777ef3b13cc21edfa55ed9f",210,"LongAdjunctIsl",72,2,8496,24,"F","norsk","Trøndelag","norsk","norsk","BA","Y",-0.47610019055672
"26e6d711a777ef3b13cc21edfa55ed9f",278,"BF",304,1,5588,24,"F","norsk","Trøndelag","norsk","norsk","BA","Y",-0.902084571581155
"26e6d711a777ef3b13cc21edfa55ed9f",243,"ShortSubjectNoIsl",108,7,5790,24,"F","norsk","Trøndelag","norsk","norsk","BA","Y",1.65382171456545
"26e6d711a777ef3b13cc21edfa55ed9f",310,"BF",204,1,5108,24,"F","norsk","Trøndelag","norsk","norsk","BA","Y",-0.902084571581155
"26e6d711a777ef3b13cc21edfa55ed9f",189,"ShortAdjunctIsl",65,7,12547,24,"F","norsk","Trøndelag","norsk","norsk","BA","Y",1.65382171456545
"26e6d711a777ef3b13cc21edfa55ed9f",129,"ShortFordiIsl",23,7,10057,24,"F","norsk","Trøndelag","norsk","norsk","BA","Y",1.65382171456545
"26e6d711a777ef3b13cc21edfa55ed9f",289,"BF",315,1,6138,24,"F","norsk","Trøndelag","norsk","norsk","BA","Y",-0.902084571581155
"26e6d711a777ef3b13cc21edfa55ed9f",80,"LongFordiNoIsl",9,4,8741,24,"F","norsk","Trøndelag","norsk","norsk","BA","Y",0.375868571492148
"26e6d711a777ef3b13cc21edfa55ed9f",296,"BF",322,1,6105,24,"F","norsk","Trøndelag","norsk","norsk","BA","Y",-0.902084571581155
"26e6d711a777ef3b13cc21edfa55ed9f",74,"LongFordiIsl",7,1,5670,24,"F","norsk","Trøndelag","norsk","norsk","BA","Y",-0.902084571581155
"26e6d711a777ef3b13cc21edfa55ed9f",279,"BF",305,1,2949,24,"F","norsk","Trøndelag","norsk","norsk","BA","Y",-0.902084571581155
"26e6d711a777ef3b13cc21edfa55ed9f",232,"LongSubjectNoIsl",104,7,10134,24,"F","norsk","Trøndelag","norsk","norsk","BA","Y",1.65382171456545
"26e6d711a777ef3b13cc21edfa55ed9f",24,"longWhetherNoI",18,7,4725,24,"F","norsk","Trøndelag","norsk","norsk","BA","Y",1.65382171456545
"26e6d711a777ef3b13cc21edfa55ed9f",18,"localTop",604,4,8793,24,"F","norsk","Trøndelag","norsk","norsk","BA","Y",0.375868571492148
"26e6d711a777ef3b13cc21edfa55ed9f",19,"shortWhetherNoI",17,7,11138,24,"F","norsk","Trøndelag","norsk","norsk","BA","Y",1.65382171456545
"26e6d711a777ef3b13cc21edfa55ed9f",276,"BF",302,1,4963,24,"F","norsk","Trøndelag","norsk","norsk","BA","Y",-0.902084571581155
"26e6d711a777ef3b13cc21edfa55ed9f",131,"ShortAdjunctNoIsl",50,7,5714,24,"F","norsk","Trøndelag","norsk","norsk","BA","Y",1.65382171456545
"26e6d711a777ef3b13cc21edfa55ed9f",301,"BF",327,2,7785,24,"F","norsk","Trøndelag","norsk","norsk","BA","Y",-0.47610019055672
"26e6d711a777ef3b13cc21edfa55ed9f",221,"ShortSubjectIsl",99,6,7804,24,"F","norsk","Trøndelag","norsk","norsk","BA","Y",1.22783733354102
"26e6d711a777ef3b13cc21edfa55ed9f",168,"LongAdjunctNoIsl",60,6,10639,24,"F","norsk","Trøndelag","norsk","norsk","BA","Y",1.22783733354102
"26e6d711a777ef3b13cc21edfa55ed9f",314,"BF",208,2,6832,24,"F","norsk","Trøndelag","norsk","norsk","BA","Y",-0.47610019055672
"26e6d711a777ef3b13cc21edfa55ed9f",59,"ShortFordiNoIsl",3,6,7136,24,"F","norsk","Trøndelag","norsk","norsk","BA","Y",1.22783733354102
"26e6d711a777ef3b13cc21edfa55ed9f",280,"BF",306,1,6400,24,"F","norsk","Trøndelag","norsk","norsk","BA","Y",-0.902084571581155
"26e6d711a777ef3b13cc21edfa55ed9f",258,"LongSubjectIsl",113,2,9577,24,"F","norsk","Trøndelag","norsk","norsk","BA","Y",-0.47610019055672
"26e6d711a777ef3b13cc21edfa55ed9f",288,"BF",314,2,7634,24,"F","norsk","Trøndelag","norsk","norsk","BA","Y",-0.47610019055672
"26e6d711a777ef3b13cc21edfa55ed9f",194,"LongAdjunctIsl",66,6,11981,24,"F","norsk","Trøndelag","norsk","norsk","BA","Y",1.22783733354102
"26e6d711a777ef3b13cc21edfa55ed9f",29,"shortWhetherIsl",19,7,5938,24,"F","norsk","Trøndelag","norsk","norsk","BA","Y",1.65382171456545
"26e6d711a777ef3b13cc21edfa55ed9f",299,"BF",325,1,5846,24,"F","norsk","Trøndelag","norsk","norsk","BA","Y",-0.902084571581155
"26e6d711a777ef3b13cc21edfa55ed9f",227,"ShortSubjectNoIsl",103,6,10015,24,"F","norsk","Trøndelag","norsk","norsk","BA","Y",1.22783733354102
"26e6d711a777ef3b13cc21edfa55ed9f",307,"BF",201,1,3464,24,"F","norsk","Trøndelag","norsk","norsk","BA","Y",-0.902084571581155
"26e6d711a777ef3b13cc21edfa55ed9f",157,"ShortAdjunctIsl",57,6,7042,24,"F","norsk","Trøndelag","norsk","norsk","BA","Y",1.22783733354102
"26e6d711a777ef3b13cc21edfa55ed9f",306,"BF",213,1,6079,24,"F","norsk","Trøndelag","norsk","norsk","BA","Y",-0.902084571581155
"26e6d711a777ef3b13cc21edfa55ed9f",50,"longWhetherIsla",24,5,12434,24,"F","norsk","Trøndelag","norsk","norsk","BA","Y",0.801852952516582
"26e6d711a777ef3b13cc21edfa55ed9f",85,"ShortFordiIsl",10,7,7636,24,"F","norsk","Trøndelag","norsk","norsk","BA","Y",1.65382171456545
"26e6d711a777ef3b13cc21edfa55ed9f",294,"BF",320,1,3674,24,"F","norsk","Trøndelag","norsk","norsk","BA","Y",-0.902084571581155
"26e6d711a777ef3b13cc21edfa55ed9f",64,"LongFordiNoIsl",4,3,5923,24,"F","norsk","Trøndelag","norsk","norsk","BA","Y",-0.0501158095322864
"26e6d711a777ef3b13cc21edfa55ed9f",284,"BF",310,1,5761,24,"F","norsk","Trøndelag","norsk","norsk","BA","Y",-0.902084571581155
"26e6d711a777ef3b13cc21edfa55ed9f",90,"LongFordiIsl",11,1,7476,24,"F","norsk","Trøndelag","norsk","norsk","BA","Y",-0.902084571581155
"26e6d711a777ef3b13cc21edfa55ed9f",17,"localTop",603,1,6095,24,"F","norsk","Trøndelag","norsk","norsk","BA","Y",-0.902084571581155
"26e6d711a777ef3b13cc21edfa55ed9f",216,"LongSubjectNoIsl",98,2,7092,24,"F","norsk","Trøndelag","norsk","norsk","BA","Y",-0.47610019055672
"26e6d711a777ef3b13cc21edfa55ed9f",298,"BF",324,1,4162,24,"F","norsk","Trøndelag","norsk","norsk","BA","Y",-0.902084571581155
"273409abe57f57fd44a28dccbde869f0",188,"LongAdjunctNoIsl",65,3,10132,19,"F","norsk","Trøndersk","norsk","norsk","vgs","N",-0.0920655080337596
"273409abe57f57fd44a28dccbde869f0",278,"BF",304,1,10174,19,"F","norsk","Trøndersk","norsk","norsk","vgs","N",-1.08055833113307
"273409abe57f57fd44a28dccbde869f0",134,"LongAdjunctIsl",50,5,10617,19,"F","norsk","Trøndersk","norsk","norsk","vgs","N",0.896427315065555
"273409abe57f57fd44a28dccbde869f0",290,"BF",316,1,7726,19,"F","norsk","Trøndersk","norsk","norsk","vgs","N",-1.08055833113307
"273409abe57f57fd44a28dccbde869f0",161,"ShortAdjunctIsl",58,2,21053,19,"F","norsk","Trøndersk","norsk","norsk","vgs","N",-0.586311919583417
"273409abe57f57fd44a28dccbde869f0",279,"BF",305,3,7810,19,"F","norsk","Trøndersk","norsk","norsk","vgs","N",-0.0920655080337596
"273409abe57f57fd44a28dccbde869f0",52,"LongFordiNoIsl",1,4,8772,19,"F","norsk","Trøndersk","norsk","norsk","vgs","N",0.402180903515898
"273409abe57f57fd44a28dccbde869f0",199,"ShortAdjunctNoIsl",69,5,19377,19,"F","norsk","Trøndersk","norsk","norsk","vgs","N",0.896427315065555
"273409abe57f57fd44a28dccbde869f0",292,"BF",318,2,8342,19,"F","norsk","Trøndersk","norsk","norsk","vgs","N",-0.586311919583417
"273409abe57f57fd44a28dccbde869f0",172,"LongAdjunctNoIsl",61,3,10182,19,"F","norsk","Trøndersk","norsk","norsk","vgs","N",-0.0920655080337596
"273409abe57f57fd44a28dccbde869f0",307,"BF",201,1,5894,19,"F","norsk","Trøndersk","norsk","norsk","vgs","N",-1.08055833113307
"273409abe57f57fd44a28dccbde869f0",198,"LongAdjunctIsl",68,1,13424,19,"F","norsk","Trøndersk","norsk","norsk","vgs","N",-1.08055833113307
"273409abe57f57fd44a28dccbde869f0",314,"BF",208,2,8463,19,"F","norsk","Trøndersk","norsk","norsk","vgs","N",-0.586311919583417
"273409abe57f57fd44a28dccbde869f0",145,"ShortAdjunctIsl",54,6,14508,19,"F","norsk","Trøndersk","norsk","norsk","vgs","N",1.39067372661521
"273409abe57f57fd44a28dccbde869f0",63,"ShortFordiNoIsl",4,5,12123,19,"F","norsk","Trøndersk","norsk","norsk","vgs","N",0.896427315065555
"273409abe57f57fd44a28dccbde869f0",285,"BF",311,1,13128,19,"F","norsk","Trøndersk","norsk","norsk","vgs","N",-1.08055833113307
"273409abe57f57fd44a28dccbde869f0",105,"ShortFordiIsl",15,5,14407,19,"F","norsk","Trøndersk","norsk","norsk","vgs","N",0.896427315065555
"273409abe57f57fd44a28dccbde869f0",305,"BF",332,1,7655,19,"F","norsk","Trøndersk","norsk","norsk","vgs","N",-1.08055833113307
"273409abe57f57fd44a28dccbde869f0",252,"LongSubjectNoIsl",110,3,8083,19,"F","norsk","Trøndersk","norsk","norsk","vgs","N",-0.0920655080337596
"273409abe57f57fd44a28dccbde869f0",281,"BF",307,1,24258,19,"F","norsk","Trøndersk","norsk","norsk","vgs","N",-1.08055833113307
"273409abe57f57fd44a28dccbde869f0",100,"LongFordiNoIsl",14,2,7414,19,"F","norsk","Trøndersk","norsk","norsk","vgs","N",-0.586311919583417
"273409abe57f57fd44a28dccbde869f0",262,"LongSubjectIsl",116,1,7117,19,"F","norsk","Trøndersk","norsk","norsk","vgs","N",-1.08055833113307
"273409abe57f57fd44a28dccbde869f0",296,"BF",322,1,7722,19,"F","norsk","Trøndersk","norsk","norsk","vgs","N",-1.08055833113307
"273409abe57f57fd44a28dccbde869f0",94,"LongFordiIsl",12,2,7280,19,"F","norsk","Trøndersk","norsk","norsk","vgs","N",-0.586311919583417
"273409abe57f57fd44a28dccbde869f0",302,"BF",328,1,8046,19,"F","norsk","Trøndersk","norsk","norsk","vgs","N",-1.08055833113307
"273409abe57f57fd44a28dccbde869f0",215,"ShortSubjectNoIsl",98,5,8289,19,"F","norsk","Trøndersk","norsk","norsk","vgs","N",0.896427315065555
"273409abe57f57fd44a28dccbde869f0",16,"localTop",602,2,6347,19,"F","norsk","Trøndersk","norsk","norsk","vgs","N",-0.586311919583417
"273409abe57f57fd44a28dccbde869f0",225,"ShortSubjectIsl",100,6,16131,19,"F","norsk","Trøndersk","norsk","norsk","vgs","N",1.39067372661521
"273409abe57f57fd44a28dccbde869f0",183,"ShortAdjunctNoIsl",64,4,44315,19,"F","norsk","Trøndersk","norsk","norsk","vgs","N",0.402180903515898
"273409abe57f57fd44a28dccbde869f0",301,"BF",327,3,15099,19,"F","norsk","Trøndersk","norsk","norsk","vgs","N",-0.0920655080337596
"273409abe57f57fd44a28dccbde869f0",204,"LongAdjunctNoIsl",71,4,7474,19,"F","norsk","Trøndersk","norsk","norsk","vgs","N",0.402180903515898
"273409abe57f57fd44a28dccbde869f0",295,"BF",321,2,7637,19,"F","norsk","Trøndersk","norsk","norsk","vgs","N",-0.586311919583417
"273409abe57f57fd44a28dccbde869f0",182,"LongAdjunctIsl",63,3,9291,19,"F","norsk","Trøndersk","norsk","norsk","vgs","N",-0.0920655080337596
"273409abe57f57fd44a28dccbde869f0",282,"BF",308,2,6530,19,"F","norsk","Trøndersk","norsk","norsk","vgs","N",-0.586311919583417
"273409abe57f57fd44a28dccbde869f0",193,"ShortAdjunctIsl",66,6,12261,19,"F","norsk","Trøndersk","norsk","norsk","vgs","N",1.39067372661521
"273409abe57f57fd44a28dccbde869f0",79,"ShortFordiNoIsl",9,5,8245,19,"F","norsk","Trøndersk","norsk","norsk","vgs","N",0.896427315065555
"273409abe57f57fd44a28dccbde869f0",287,"BF",313,1,13665,19,"F","norsk","Trøndersk","norsk","norsk","vgs","N",-1.08055833113307
"273409abe57f57fd44a28dccbde869f0",73,"ShortFordiIsl",7,7,10636,19,"F","norsk","Trøndersk","norsk","norsk","vgs","N",1.88492013816487
"273409abe57f57fd44a28dccbde869f0",288,"BF",314,1,7785,19,"F","norsk","Trøndersk","norsk","norsk","vgs","N",-1.08055833113307
"273409abe57f57fd44a28dccbde869f0",49,"shortWhetherIsl",24,7,9371,19,"F","norsk","Trøndersk","norsk","norsk","vgs","N",1.88492013816487
"273409abe57f57fd44a28dccbde869f0",294,"BF",320,1,9074,19,"F","norsk","Trøndersk","norsk","norsk","vgs","N",-1.08055833113307
"273409abe57f57fd44a28dccbde869f0",236,"LongSubjectNoIsl",106,3,10412,19,"F","norsk","Trøndersk","norsk","norsk","vgs","N",-0.0920655080337596
"273409abe57f57fd44a28dccbde869f0",84,"LongFordiNoIsl",10,4,8203,19,"F","norsk","Trøndersk","norsk","norsk","vgs","N",0.402180903515898
"273409abe57f57fd44a28dccbde869f0",284,"BF",310,1,5759,19,"F","norsk","Trøndersk","norsk","norsk","vgs","N",-1.08055833113307
"273409abe57f57fd44a28dccbde869f0",230,"LongSubjectIsl",103,2,10231,19,"F","norsk","Trøndersk","norsk","norsk","vgs","N",-0.586311919583417
"273409abe57f57fd44a28dccbde869f0",312,"BF",206,1,7272,19,"F","norsk","Trøndersk","norsk","norsk","vgs","N",-1.08055833113307
"273409abe57f57fd44a28dccbde869f0",110,"LongFordiIsl",17,3,6489,19,"F","norsk","Trøndersk","norsk","norsk","vgs","N",-0.0920655080337596
"273409abe57f57fd44a28dccbde869f0",303,"BF",329,1,11037,19,"F","norsk","Trøndersk","norsk","norsk","vgs","N",-1.08055833113307
"273409abe57f57fd44a28dccbde869f0",247,"ShortSubjectNoIsl",109,6,13327,19,"F","norsk","Trøndersk","norsk","norsk","vgs","N",1.39067372661521
"273409abe57f57fd44a28dccbde869f0",241,"ShortSubjectIsl",107,7,10994,19,"F","norsk","Trøndersk","norsk","norsk","vgs","N",1.88492013816487
"273409abe57f57fd44a28dccbde869f0",15,"localTop",601,5,13245,19,"F","norsk","Trøndersk","norsk","norsk","vgs","N",0.896427315065555
"273409abe57f57fd44a28dccbde869f0",135,"ShortAdjunctNoIsl",52,7,7898,19,"F","norsk","Trøndersk","norsk","norsk","vgs","N",1.88492013816487
"273409abe57f57fd44a28dccbde869f0",276,"BF",302,1,4213,19,"F","norsk","Trøndersk","norsk","norsk","vgs","N",-1.08055833113307
"273409abe57f57fd44a28dccbde869f0",140,"LongAdjunctNoIsl",53,4,8207,19,"F","norsk","Trøndersk","norsk","norsk","vgs","N",0.402180903515898
"273409abe57f57fd44a28dccbde869f0",289,"BF",315,2,5449,19,"F","norsk","Trøndersk","norsk","norsk","vgs","N",-0.586311919583417
"273409abe57f57fd44a28dccbde869f0",166,"LongAdjunctIsl",59,3,7023,19,"F","norsk","Trøndersk","norsk","norsk","vgs","N",-0.0920655080337596
"273409abe57f57fd44a28dccbde869f0",313,"BF",207,1,7496,19,"F","norsk","Trøndersk","norsk","norsk","vgs","N",-1.08055833113307
"273409abe57f57fd44a28dccbde869f0",209,"ShortAdjunctIsl",72,5,7137,19,"F","norsk","Trøndersk","norsk","norsk","vgs","N",0.896427315065555
"273409abe57f57fd44a28dccbde869f0",123,"ShortFordiNoIsl",22,7,9544,19,"F","norsk","Trøndersk","norsk","norsk","vgs","N",1.88492013816487
"273409abe57f57fd44a28dccbde869f0",286,"BF",312,3,7348,19,"F","norsk","Trøndersk","norsk","norsk","vgs","N",-0.0920655080337596
"273409abe57f57fd44a28dccbde869f0",57,"ShortFordiIsl",2,6,7337,19,"F","norsk","Trøndersk","norsk","norsk","vgs","N",1.39067372661521
"273409abe57f57fd44a28dccbde869f0",298,"BF",324,1,5471,19,"F","norsk","Trøndersk","norsk","norsk","vgs","N",-1.08055833113307
"273409abe57f57fd44a28dccbde869f0",268,"LongSubjectNoIsl",118,2,9493,19,"F","norsk","Trøndersk","norsk","norsk","vgs","N",-0.586311919583417
"273409abe57f57fd44a28dccbde869f0",297,"BF",323,3,4873,19,"F","norsk","Trøndersk","norsk","norsk","vgs","N",-0.0920655080337596
"273409abe57f57fd44a28dccbde869f0",68,"LongFordiNoIsl",6,4,8272,19,"F","norsk","Trøndersk","norsk","norsk","vgs","N",0.402180903515898
"273409abe57f57fd44a28dccbde869f0",246,"LongSubjectIsl",108,3,7859,19,"F","norsk","Trøndersk","norsk","norsk","vgs","N",-0.0920655080337596
"273409abe57f57fd44a28dccbde869f0",299,"BF",325,2,6720,19,"F","norsk","Trøndersk","norsk","norsk","vgs","N",-0.586311919583417
"273409abe57f57fd44a28dccbde869f0",78,"LongFordiIsl",8,1,9264,19,"F","norsk","Trøndersk","norsk","norsk","vgs","N",-1.08055833113307
"273409abe57f57fd44a28dccbde869f0",293,"BF",319,1,5379,19,"F","norsk","Trøndersk","norsk","norsk","vgs","N",-1.08055833113307
"273409abe57f57fd44a28dccbde869f0",231,"ShortSubjectNoIsl",104,7,11823,19,"F","norsk","Trøndersk","norsk","norsk","vgs","N",1.88492013816487
"273409abe57f57fd44a28dccbde869f0",275,"BF",301,1,4363,19,"F","norsk","Trøndersk","norsk","norsk","vgs","N",-1.08055833113307
"273409abe57f57fd44a28dccbde869f0",273,"ShortSubjectIsl",120,7,10058,19,"F","norsk","Trøndersk","norsk","norsk","vgs","N",1.88492013816487
"273409abe57f57fd44a28dccbde869f0",167,"ShortAdjunctNoIsl",60,5,15600,19,"F","norsk","Trøndersk","norsk","norsk","vgs","N",0.896427315065555
"273409abe57f57fd44a28dccbde869f0",311,"BF",205,1,10333,19,"F","norsk","Trøndersk","norsk","norsk","vgs","N",-1.08055833113307
"273409abe57f57fd44a28dccbde869f0",156,"LongAdjunctNoIsl",57,5,14640,19,"F","norsk","Trøndersk","norsk","norsk","vgs","N",0.896427315065555
"273409abe57f57fd44a28dccbde869f0",17,"localTop",603,1,5589,19,"F","norsk","Trøndersk","norsk","norsk","vgs","N",-1.08055833113307
"273409abe57f57fd44a28dccbde869f0",28,"longWhetherNoI",19,3,6825,19,"F","norsk","Trøndersk","norsk","norsk","vgs","N",-0.0920655080337596
"273409abe57f57fd44a28dccbde869f0",280,"BF",306,2,5504,19,"F","norsk","Trøndersk","norsk","norsk","vgs","N",-0.586311919583417
"273409abe57f57fd44a28dccbde869f0",150,"LongAdjunctIsl",55,2,9297,19,"F","norsk","Trøndersk","norsk","norsk","vgs","N",-0.586311919583417
"273409abe57f57fd44a28dccbde869f0",177,"ShortAdjunctIsl",62,6,7819,19,"F","norsk","Trøndersk","norsk","norsk","vgs","N",1.39067372661521
"273409abe57f57fd44a28dccbde869f0",309,"BF",203,1,7828,19,"F","norsk","Trøndersk","norsk","norsk","vgs","N",-1.08055833113307
"273409abe57f57fd44a28dccbde869f0",95,"ShortFordiNoIsl",13,7,9192,19,"F","norsk","Trøndersk","norsk","norsk","vgs","N",1.88492013816487
"273409abe57f57fd44a28dccbde869f0",306,"BF",213,2,6427,19,"F","norsk","Trøndersk","norsk","norsk","vgs","N",-0.586311919583417
"273409abe57f57fd44a28dccbde869f0",89,"ShortFordiIsl",11,6,10677,19,"F","norsk","Trøndersk","norsk","norsk","vgs","N",1.39067372661521
"273409abe57f57fd44a28dccbde869f0",310,"BF",204,1,6524,19,"F","norsk","Trøndersk","norsk","norsk","vgs","N",-1.08055833113307
"273409abe57f57fd44a28dccbde869f0",33,"shortWhetherIsl",20,6,12016,19,"F","norsk","Trøndersk","norsk","norsk","vgs","N",1.39067372661521
"273409abe57f57fd44a28dccbde869f0",220,"LongSubjectNoIsl",99,4,13387,19,"F","norsk","Trøndersk","norsk","norsk","vgs","N",0.402180903515898
"273409abe57f57fd44a28dccbde869f0",308,"BF",202,2,7693,19,"F","norsk","Trøndersk","norsk","norsk","vgs","N",-0.586311919583417
"273409abe57f57fd44a28dccbde869f0",128,"LongFordiNoIsl",23,5,9226,19,"F","norsk","Trøndersk","norsk","norsk","vgs","N",0.896427315065555
"273409abe57f57fd44a28dccbde869f0",304,"BF",331,1,16715,19,"F","norsk","Trøndersk","norsk","norsk","vgs","N",-1.08055833113307
"273409abe57f57fd44a28dccbde869f0",214,"LongSubjectIsl",97,1,8769,19,"F","norsk","Trøndersk","norsk","norsk","vgs","N",-1.08055833113307
"273409abe57f57fd44a28dccbde869f0",300,"BF",326,3,8604,19,"F","norsk","Trøndersk","norsk","norsk","vgs","N",-0.0920655080337596
"273409abe57f57fd44a28dccbde869f0",62,"LongFordiIsl",3,2,6838,19,"F","norsk","Trøndersk","norsk","norsk","vgs","N",-0.586311919583417
"273409abe57f57fd44a28dccbde869f0",23,"shortWhetherNoI",18,7,5627,19,"F","norsk","Trøndersk","norsk","norsk","vgs","N",1.88492013816487
"273409abe57f57fd44a28dccbde869f0",277,"BF",303,4,9731,19,"F","norsk","Trøndersk","norsk","norsk","vgs","N",0.402180903515898
"273409abe57f57fd44a28dccbde869f0",263,"ShortSubjectNoIsl",117,6,12347,19,"F","norsk","Trøndersk","norsk","norsk","vgs","N",1.39067372661521
"273409abe57f57fd44a28dccbde869f0",283,"BF",309,1,6246,19,"F","norsk","Trøndersk","norsk","norsk","vgs","N",-1.08055833113307
"273409abe57f57fd44a28dccbde869f0",257,"ShortSubjectIsl",113,4,10102,19,"F","norsk","Trøndersk","norsk","norsk","vgs","N",0.402180903515898
"273409abe57f57fd44a28dccbde869f0",291,"BF",317,1,4895,19,"F","norsk","Trøndersk","norsk","norsk","vgs","N",-1.08055833113307
"273409abe57f57fd44a28dccbde869f0",151,"ShortAdjunctNoIsl",56,3,18555,19,"F","norsk","Trøndersk","norsk","norsk","vgs","N",-0.0920655080337596
"273409abe57f57fd44a28dccbde869f0",18,"localTop",604,4,10910,19,"F","norsk","Trøndersk","norsk","norsk","vgs","N",0.402180903515898
"273409abe57f57fd44a28dccbde869f0",38,"longWhetherIsla",21,4,5592,19,"F","norsk","Trøndersk","norsk","norsk","vgs","N",0.402180903515898
"3a57df0fc82013cfabfb35ff8219ab77",185,"ShortAdjunctIsl",64,6,33800,21,"M","norsk","Sør-Trøndelag","norsk","norsk","vgs","N",1.07573009334615
"3a57df0fc82013cfabfb35ff8219ab77",276,"BF",302,1,8899,21,"M","norsk","Sør-Trøndelag","norsk","norsk","vgs","N",-1.07573009334615
"3a57df0fc82013cfabfb35ff8219ab77",159,"ShortAdjunctNoIsl",58,7,10112,21,"M","norsk","Sør-Trøndelag","norsk","norsk","vgs","N",1.50602213068461
"3a57df0fc82013cfabfb35ff8219ab77",289,"BF",315,1,14555,21,"M","norsk","Sør-Trøndelag","norsk","norsk","vgs","N",-1.07573009334615
"3a57df0fc82013cfabfb35ff8219ab77",86,"LongFordiIsl",10,1,24915,21,"M","norsk","Sør-Trøndelag","norsk","norsk","vgs","N",-1.07573009334615
"3a57df0fc82013cfabfb35ff8219ab77",308,"BF",202,1,19214,21,"M","norsk","Sør-Trøndelag","norsk","norsk","vgs","N",-1.07573009334615
"3a57df0fc82013cfabfb35ff8219ab77",180,"LongAdjunctNoIsl",63,4,19326,21,"M","norsk","Sør-Trøndelag","norsk","norsk","vgs","N",0.215146018669231
"3a57df0fc82013cfabfb35ff8219ab77",174,"LongAdjunctIsl",61,2,49408,21,"M","norsk","Sør-Trøndelag","norsk","norsk","vgs","N",-0.645438056007692
"3a57df0fc82013cfabfb35ff8219ab77",282,"BF",308,1,21951,21,"M","norsk","Sør-Trøndelag","norsk","norsk","vgs","N",-1.07573009334615
"3a57df0fc82013cfabfb35ff8219ab77",201,"ShortAdjunctIsl",69,7,9225,21,"M","norsk","Sør-Trøndelag","norsk","norsk","vgs","N",1.50602213068461
"3a57df0fc82013cfabfb35ff8219ab77",304,"BF",331,1,23028,21,"M","norsk","Sør-Trøndelag","norsk","norsk","vgs","N",-1.07573009334615
"3a57df0fc82013cfabfb35ff8219ab77",217,"ShortSubjectIsl",98,6,97323,21,"M","norsk","Sør-Trøndelag","norsk","norsk","vgs","N",1.07573009334615
"3a57df0fc82013cfabfb35ff8219ab77",310,"BF",204,3,25777,21,"M","norsk","Sør-Trøndelag","norsk","norsk","vgs","N",-0.215146018669231
"3a57df0fc82013cfabfb35ff8219ab77",244,"LongSubjectNoIsl",108,4,25590,21,"M","norsk","Sør-Trøndelag","norsk","norsk","vgs","N",0.215146018669231
"3a57df0fc82013cfabfb35ff8219ab77",81,"ShortFordiIsl",9,6,9488,21,"M","norsk","Sør-Trøndelag","norsk","norsk","vgs","N",1.07573009334615
"3a57df0fc82013cfabfb35ff8219ab77",305,"BF",332,1,13822,21,"M","norsk","Sør-Trøndelag","norsk","norsk","vgs","N",-1.07573009334615
"3a57df0fc82013cfabfb35ff8219ab77",175,"ShortAdjunctNoIsl",62,7,12166,21,"M","norsk","Sør-Trøndelag","norsk","norsk","vgs","N",1.50602213068461
"3a57df0fc82013cfabfb35ff8219ab77",280,"BF",306,4,32039,21,"M","norsk","Sør-Trøndelag","norsk","norsk","vgs","N",0.215146018669231
"3a57df0fc82013cfabfb35ff8219ab77",255,"ShortSubjectNoIsl",113,7,7509,21,"M","norsk","Sør-Trøndelag","norsk","norsk","vgs","N",1.50602213068461
"3a57df0fc82013cfabfb35ff8219ab77",290,"BF",316,1,6941,21,"M","norsk","Sør-Trøndelag","norsk","norsk","vgs","N",-1.07573009334615
"3a57df0fc82013cfabfb35ff8219ab77",70,"LongFordiIsl",6,4,14047,21,"M","norsk","Sør-Trøndelag","norsk","norsk","vgs","N",0.215146018669231
"3a57df0fc82013cfabfb35ff8219ab77",196,"LongAdjunctNoIsl",68,3,12949,21,"M","norsk","Sør-Trøndelag","norsk","norsk","vgs","N",-0.215146018669231
"3a57df0fc82013cfabfb35ff8219ab77",278,"BF",304,1,6251,21,"M","norsk","Sør-Trøndelag","norsk","norsk","vgs","N",-1.07573009334615
"3a57df0fc82013cfabfb35ff8219ab77",254,"LongSubjectIsl",110,1,60683,21,"M","norsk","Sør-Trøndelag","norsk","norsk","vgs","N",-1.07573009334615
"3a57df0fc82013cfabfb35ff8219ab77",16,"localTop",602,4,12465,21,"M","norsk","Sør-Trøndelag","norsk","norsk","vgs","N",0.215146018669231
"3a57df0fc82013cfabfb35ff8219ab77",71,"ShortFordiNoIsl",7,7,5781,21,"M","norsk","Sør-Trøndelag","norsk","norsk","vgs","N",1.50602213068461
"3a57df0fc82013cfabfb35ff8219ab77",309,"BF",203,1,8024,21,"M","norsk","Sør-Trøndelag","norsk","norsk","vgs","N",-1.07573009334615
"3a57df0fc82013cfabfb35ff8219ab77",158,"LongAdjunctIsl",57,6,8080,21,"M","norsk","Sør-Trøndelag","norsk","norsk","vgs","N",1.07573009334615
"3a57df0fc82013cfabfb35ff8219ab77",108,"LongFordiNoIsl",17,5,11426,21,"M","norsk","Sør-Trøndelag","norsk","norsk","vgs","N",0.645438056007692
"3a57df0fc82013cfabfb35ff8219ab77",311,"BF",205,1,20481,21,"M","norsk","Sør-Trøndelag","norsk","norsk","vgs","N",-1.07573009334615
"3a57df0fc82013cfabfb35ff8219ab77",31,"shortWhetherNoI",20,3,11821,21,"M","norsk","Sør-Trøndelag","norsk","norsk","vgs","N",-0.215146018669231
"3a57df0fc82013cfabfb35ff8219ab77",288,"BF",314,1,5700,21,"M","norsk","Sør-Trøndelag","norsk","norsk","vgs","N",-1.07573009334615
"3a57df0fc82013cfabfb35ff8219ab77",169,"ShortAdjunctIsl",60,7,5560,21,"M","norsk","Sør-Trøndelag","norsk","norsk","vgs","N",1.50602213068461
"3a57df0fc82013cfabfb35ff8219ab77",281,"BF",307,1,6899,21,"M","norsk","Sør-Trøndelag","norsk","norsk","vgs","N",-1.07573009334615
"3a57df0fc82013cfabfb35ff8219ab77",233,"ShortSubjectIsl",104,7,7457,21,"M","norsk","Sør-Trøndelag","norsk","norsk","vgs","N",1.50602213068461
"3a57df0fc82013cfabfb35ff8219ab77",228,"LongSubjectNoIsl",103,3,8770,21,"M","norsk","Sør-Trøndelag","norsk","norsk","vgs","N",-0.215146018669231
"3a57df0fc82013cfabfb35ff8219ab77",286,"BF",312,5,8655,21,"M","norsk","Sør-Trøndelag","norsk","norsk","vgs","N",0.645438056007692
"3a57df0fc82013cfabfb35ff8219ab77",143,"ShortAdjunctNoIsl",54,3,15065,21,"M","norsk","Sør-Trøndelag","norsk","norsk","vgs","N",-0.215146018669231
"3a57df0fc82013cfabfb35ff8219ab77",303,"BF",329,1,19590,21,"M","norsk","Sør-Trøndelag","norsk","norsk","vgs","N",-1.07573009334615
"3a57df0fc82013cfabfb35ff8219ab77",223,"ShortSubjectNoIsl",100,6,7157,21,"M","norsk","Sør-Trøndelag","norsk","norsk","vgs","N",1.07573009334615
"3a57df0fc82013cfabfb35ff8219ab77",306,"BF",213,1,6638,21,"M","norsk","Sør-Trøndelag","norsk","norsk","vgs","N",-1.07573009334615
"3a57df0fc82013cfabfb35ff8219ab77",102,"LongFordiIsl",14,3,8336,21,"M","norsk","Sør-Trøndelag","norsk","norsk","vgs","N",-0.215146018669231
"3a57df0fc82013cfabfb35ff8219ab77",132,"LongAdjunctNoIsl",50,6,6063,21,"M","norsk","Sør-Trøndelag","norsk","norsk","vgs","N",1.07573009334615
"3a57df0fc82013cfabfb35ff8219ab77",277,"BF",303,3,18423,21,"M","norsk","Sør-Trøndelag","norsk","norsk","vgs","N",-0.215146018669231
"3a57df0fc82013cfabfb35ff8219ab77",222,"LongSubjectIsl",99,3,11305,21,"M","norsk","Sør-Trøndelag","norsk","norsk","vgs","N",-0.215146018669231
"3a57df0fc82013cfabfb35ff8219ab77",307,"BF",201,1,6359,21,"M","norsk","Sør-Trøndelag","norsk","norsk","vgs","N",-1.07573009334615
"3a57df0fc82013cfabfb35ff8219ab77",25,"shortWhetherIsl",18,7,8249,21,"M","norsk","Sør-Trøndelag","norsk","norsk","vgs","N",1.50602213068461
"3a57df0fc82013cfabfb35ff8219ab77",17,"localTop",603,2,14270,21,"M","norsk","Sør-Trøndelag","norsk","norsk","vgs","N",-0.645438056007692
"3a57df0fc82013cfabfb35ff8219ab77",55,"ShortFordiNoIsl",2,7,7815,21,"M","norsk","Sør-Trøndelag","norsk","norsk","vgs","N",1.50602213068461
"3a57df0fc82013cfabfb35ff8219ab77",206,"LongAdjunctIsl",71,6,6864,21,"M","norsk","Sør-Trøndelag","norsk","norsk","vgs","N",1.07573009334615
"3a57df0fc82013cfabfb35ff8219ab77",284,"BF",310,1,5541,21,"M","norsk","Sør-Trøndelag","norsk","norsk","vgs","N",-1.07573009334615
"3a57df0fc82013cfabfb35ff8219ab77",92,"LongFordiNoIsl",12,6,8012,21,"M","norsk","Sør-Trøndelag","norsk","norsk","vgs","N",1.07573009334615
"3a57df0fc82013cfabfb35ff8219ab77",297,"BF",323,2,5255,21,"M","norsk","Sør-Trøndelag","norsk","norsk","vgs","N",-0.645438056007692
"3a57df0fc82013cfabfb35ff8219ab77",137,"ShortAdjunctIsl",52,7,15544,21,"M","norsk","Sør-Trøndelag","norsk","norsk","vgs","N",1.50602213068461
"3a57df0fc82013cfabfb35ff8219ab77",283,"BF",309,1,4882,21,"M","norsk","Sør-Trøndelag","norsk","norsk","vgs","N",-1.07573009334615
"3a57df0fc82013cfabfb35ff8219ab77",249,"ShortSubjectIsl",109,3,11782,21,"M","norsk","Sør-Trøndelag","norsk","norsk","vgs","N",-0.215146018669231
"3a57df0fc82013cfabfb35ff8219ab77",312,"BF",206,1,7943,21,"M","norsk","Sør-Trøndelag","norsk","norsk","vgs","N",-1.07573009334615
"3a57df0fc82013cfabfb35ff8219ab77",260,"LongSubjectNoIsl",116,4,6049,21,"M","norsk","Sør-Trøndelag","norsk","norsk","vgs","N",0.215146018669231
"3a57df0fc82013cfabfb35ff8219ab77",97,"ShortFordiIsl",13,7,7120,21,"M","norsk","Sør-Trøndelag","norsk","norsk","vgs","N",1.50602213068461
"3a57df0fc82013cfabfb35ff8219ab77",285,"BF",311,2,19193,21,"M","norsk","Sør-Trøndelag","norsk","norsk","vgs","N",-0.645438056007692
"3a57df0fc82013cfabfb35ff8219ab77",207,"ShortAdjunctNoIsl",72,7,7445,21,"M","norsk","Sør-Trøndelag","norsk","norsk","vgs","N",1.50602213068461
"3a57df0fc82013cfabfb35ff8219ab77",293,"BF",319,1,5282,21,"M","norsk","Sør-Trøndelag","norsk","norsk","vgs","N",-1.07573009334615
"3a57df0fc82013cfabfb35ff8219ab77",271,"ShortSubjectNoIsl",120,7,6422,21,"M","norsk","Sør-Trøndelag","norsk","norsk","vgs","N",1.50602213068461
"3a57df0fc82013cfabfb35ff8219ab77",287,"BF",313,1,10056,21,"M","norsk","Sør-Trøndelag","norsk","norsk","vgs","N",-1.07573009334615
"3a57df0fc82013cfabfb35ff8219ab77",54,"LongFordiIsl",1,3,12728,21,"M","norsk","Sør-Trøndelag","norsk","norsk","vgs","N",-0.215146018669231
"3a57df0fc82013cfabfb35ff8219ab77",164,"LongAdjunctNoIsl",59,5,9123,21,"M","norsk","Sør-Trøndelag","norsk","norsk","vgs","N",0.645438056007692
"3a57df0fc82013cfabfb35ff8219ab77",299,"BF",325,1,25632,21,"M","norsk","Sør-Trøndelag","norsk","norsk","vgs","N",-1.07573009334615
"3a57df0fc82013cfabfb35ff8219ab77",238,"LongSubjectIsl",106,1,6028,21,"M","norsk","Sør-Trøndelag","norsk","norsk","vgs","N",-1.07573009334615
"3a57df0fc82013cfabfb35ff8219ab77",294,"BF",320,1,4548,21,"M","norsk","Sør-Trøndelag","norsk","norsk","vgs","N",-1.07573009334615
"3a57df0fc82013cfabfb35ff8219ab77",87,"ShortFordiNoIsl",11,6,21911,21,"M","norsk","Sør-Trøndelag","norsk","norsk","vgs","N",1.07573009334615
"3a57df0fc82013cfabfb35ff8219ab77",302,"BF",328,3,30705,21,"M","norsk","Sør-Trøndelag","norsk","norsk","vgs","N",-0.215146018669231
"3a57df0fc82013cfabfb35ff8219ab77",142,"LongAdjunctIsl",53,5,10352,21,"M","norsk","Sør-Trøndelag","norsk","norsk","vgs","N",0.645438056007692
"3a57df0fc82013cfabfb35ff8219ab77",60,"LongFordiNoIsl",3,3,5154,21,"M","norsk","Sør-Trøndelag","norsk","norsk","vgs","N",-0.215146018669231
"3a57df0fc82013cfabfb35ff8219ab77",18,"localTop",604,6,12078,21,"M","norsk","Sør-Trøndelag","norsk","norsk","vgs","N",1.07573009334615
"3a57df0fc82013cfabfb35ff8219ab77",47,"shortWhetherNoI",24,7,8066,21,"M","norsk","Sør-Trøndelag","norsk","norsk","vgs","N",1.50602213068461
"3a57df0fc82013cfabfb35ff8219ab77",300,"BF",326,1,33957,21,"M","norsk","Sør-Trøndelag","norsk","norsk","vgs","N",-1.07573009334615
"3a57df0fc82013cfabfb35ff8219ab77",36,"longWhetherNoI",21,5,12687,21,"M","norsk","Sør-Trøndelag","norsk","norsk","vgs","N",0.645438056007692
"3a57df0fc82013cfabfb35ff8219ab77",295,"BF",321,1,9393,21,"M","norsk","Sør-Trøndelag","norsk","norsk","vgs","N",-1.07573009334615
"3a57df0fc82013cfabfb35ff8219ab77",153,"ShortAdjunctIsl",56,6,8732,21,"M","norsk","Sør-Trøndelag","norsk","norsk","vgs","N",1.07573009334615
"3a57df0fc82013cfabfb35ff8219ab77",265,"ShortSubjectIsl",117,5,10940,21,"M","norsk","Sør-Trøndelag","norsk","norsk","vgs","N",0.645438056007692
"3a57df0fc82013cfabfb35ff8219ab77",298,"BF",324,1,4436,21,"M","norsk","Sør-Trøndelag","norsk","norsk","vgs","N",-1.07573009334615
"3a57df0fc82013cfabfb35ff8219ab77",212,"LongSubjectNoIsl",97,3,11875,21,"M","norsk","Sør-Trøndelag","norsk","norsk","vgs","N",-0.215146018669231
"3a57df0fc82013cfabfb35ff8219ab77",275,"BF",301,1,7568,21,"M","norsk","Sør-Trøndelag","norsk","norsk","vgs","N",-1.07573009334615
"3a57df0fc82013cfabfb35ff8219ab77",46,"longWhetherIsla",23,2,8955,21,"M","norsk","Sør-Trøndelag","norsk","norsk","vgs","N",-0.645438056007692
"3a57df0fc82013cfabfb35ff8219ab77",313,"BF",207,3,6184,21,"M","norsk","Sør-Trøndelag","norsk","norsk","vgs","N",-0.215146018669231
"3a57df0fc82013cfabfb35ff8219ab77",65,"ShortFordiIsl",4,4,15525,21,"M","norsk","Sør-Trøndelag","norsk","norsk","vgs","N",0.215146018669231
"3a57df0fc82013cfabfb35ff8219ab77",191,"ShortAdjunctNoIsl",66,7,13998,21,"M","norsk","Sør-Trøndelag","norsk","norsk","vgs","N",1.50602213068461
"3a57df0fc82013cfabfb35ff8219ab77",314,"BF",208,1,6952,21,"M","norsk","Sør-Trøndelag","norsk","norsk","vgs","N",-1.07573009334615
"3a57df0fc82013cfabfb35ff8219ab77",239,"ShortSubjectNoIsl",107,7,7626,21,"M","norsk","Sør-Trøndelag","norsk","norsk","vgs","N",1.50602213068461
"3a57df0fc82013cfabfb35ff8219ab77",291,"BF",317,1,5419,21,"M","norsk","Sør-Trøndelag","norsk","norsk","vgs","N",-1.07573009334615
"3a57df0fc82013cfabfb35ff8219ab77",114,"LongFordiIsl",19,4,17238,21,"M","norsk","Sør-Trøndelag","norsk","norsk","vgs","N",0.215146018669231
"3a57df0fc82013cfabfb35ff8219ab77",279,"BF",305,3,18045,21,"M","norsk","Sør-Trøndelag","norsk","norsk","vgs","N",-0.215146018669231
"3a57df0fc82013cfabfb35ff8219ab77",148,"LongAdjunctNoIsl",55,1,19469,21,"M","norsk","Sør-Trøndelag","norsk","norsk","vgs","N",-1.07573009334615
"3a57df0fc82013cfabfb35ff8219ab77",270,"LongSubjectIsl",118,1,7469,21,"M","norsk","Sør-Trøndelag","norsk","norsk","vgs","N",-1.07573009334615
"3a57df0fc82013cfabfb35ff8219ab77",301,"BF",327,4,6493,21,"M","norsk","Sør-Trøndelag","norsk","norsk","vgs","N",0.215146018669231
"3a57df0fc82013cfabfb35ff8219ab77",41,"shortWhetherIsl",22,5,14558,21,"M","norsk","Sør-Trøndelag","norsk","norsk","vgs","N",0.645438056007692
"3a57df0fc82013cfabfb35ff8219ab77",296,"BF",322,1,28264,21,"M","norsk","Sør-Trøndelag","norsk","norsk","vgs","N",-1.07573009334615
"3a57df0fc82013cfabfb35ff8219ab77",103,"ShortFordiNoIsl",15,7,5630,21,"M","norsk","Sør-Trøndelag","norsk","norsk","vgs","N",1.50602213068461
"3a57df0fc82013cfabfb35ff8219ab77",15,"localTop",601,7,13691,21,"M","norsk","Sør-Trøndelag","norsk","norsk","vgs","N",1.50602213068461
"3a57df0fc82013cfabfb35ff8219ab77",190,"LongAdjunctIsl",65,2,9135,21,"M","norsk","Sør-Trøndelag","norsk","norsk","vgs","N",-0.645438056007692
"3a57df0fc82013cfabfb35ff8219ab77",292,"BF",318,1,7417,21,"M","norsk","Sør-Trøndelag","norsk","norsk","vgs","N",-1.07573009334615
"3a57df0fc82013cfabfb35ff8219ab77",76,"LongFordiNoIsl",8,2,9479,21,"M","norsk","Sør-Trøndelag","norsk","norsk","vgs","N",-0.645438056007692
"3e096a6bd7922b4a35cee62ee4d1371f",175,"ShortAdjunctNoIsl",62,7,10377,21,"F","norsk","Kristiansand","norsk","norskogengelsk","vgs","N",1.41521340077678
"3e096a6bd7922b4a35cee62ee4d1371f",132,"LongAdjunctNoIsl",50,7,10832,21,"F","norsk","Kristiansand","norsk","norskogengelsk","vgs","N",1.41521340077678
"3e096a6bd7922b4a35cee62ee4d1371f",275,"BF",301,1,42720,21,"F","norsk","Kristiansand","norsk","norskogengelsk","vgs","N",-1.25796746735714
"3e096a6bd7922b4a35cee62ee4d1371f",115,"ShortFordiNoIsl",20,6,41091,21,"F","norsk","Kristiansand","norsk","norskogengelsk","vgs","N",0.969683256087795
"3e096a6bd7922b4a35cee62ee4d1371f",299,"BF",325,2,13637,21,"F","norsk","Kristiansand","norsk","norskogengelsk","vgs","N",-0.812437322668153
"3e096a6bd7922b4a35cee62ee4d1371f",174,"LongAdjunctIsl",61,3,18104,21,"F","norsk","Kristiansand","norsk","norskogengelsk","vgs","N",-0.366907177979166
"3e096a6bd7922b4a35cee62ee4d1371f",311,"BF",205,2,69193,21,"F","norsk","Kristiansand","norsk","norskogengelsk","vgs","N",-0.812437322668153
"3e096a6bd7922b4a35cee62ee4d1371f",153,"ShortAdjunctIsl",56,4,15514,21,"F","norsk","Kristiansand","norsk","norskogengelsk","vgs","N",0.0786229667098211
"3e096a6bd7922b4a35cee62ee4d1371f",130,"LongFordiIsl",23,6,11931,21,"F","norsk","Kristiansand","norsk","norskogengelsk","vgs","N",0.969683256087795
"3e096a6bd7922b4a35cee62ee4d1371f",277,"BF",303,1,10748,21,"F","norsk","Kristiansand","norsk","norskogengelsk","vgs","N",-1.25796746735714
"3e096a6bd7922b4a35cee62ee4d1371f",143,"ShortAdjunctNoIsl",54,7,45306,21,"F","norsk","Kristiansand","norsk","norskogengelsk","vgs","N",1.41521340077678
"3e096a6bd7922b4a35cee62ee4d1371f",313,"BF",207,1,25877,21,"F","norsk","Kristiansand","norsk","norskogengelsk","vgs","N",-1.25796746735714
"3e096a6bd7922b4a35cee62ee4d1371f",65,"ShortFordiIsl",4,5,25902,21,"F","norsk","Kristiansand","norsk","norskogengelsk","vgs","N",0.524153111398808
"3e096a6bd7922b4a35cee62ee4d1371f",300,"BF",326,2,10441,21,"F","norsk","Kristiansand","norsk","norskogengelsk","vgs","N",-0.812437322668153
"3e096a6bd7922b4a35cee62ee4d1371f",260,"LongSubjectNoIsl",116,6,24460,21,"F","norsk","Kristiansand","norsk","norskogengelsk","vgs","N",0.969683256087795
"3e096a6bd7922b4a35cee62ee4d1371f",164,"LongAdjunctNoIsl",59,3,18309,21,"F","norsk","Kristiansand","norsk","norskogengelsk","vgs","N",-0.366907177979166
"3e096a6bd7922b4a35cee62ee4d1371f",296,"BF",322,1,20844,21,"F","norsk","Kristiansand","norsk","norskogengelsk","vgs","N",-1.25796746735714
"3e096a6bd7922b4a35cee62ee4d1371f",270,"LongSubjectIsl",118,1,74172,21,"F","norsk","Kristiansand","norsk","norskogengelsk","vgs","N",-1.25796746735714
"3e096a6bd7922b4a35cee62ee4d1371f",287,"BF",313,1,21031,21,"F","norsk","Kristiansand","norsk","norskogengelsk","vgs","N",-1.25796746735714
"3e096a6bd7922b4a35cee62ee4d1371f",233,"ShortSubjectIsl",104,7,49076,21,"F","norsk","Kristiansand","norsk","norskogengelsk","vgs","N",1.41521340077678
"3e096a6bd7922b4a35cee62ee4d1371f",278,"BF",304,1,12550,21,"F","norsk","Kristiansand","norsk","norskogengelsk","vgs","N",-1.25796746735714
"3e096a6bd7922b4a35cee62ee4d1371f",271,"ShortSubjectNoIsl",120,7,8200,21,"F","norsk","Kristiansand","norsk","norskogengelsk","vgs","N",1.41521340077678
"3e096a6bd7922b4a35cee62ee4d1371f",120,"LongFordiNoIsl",21,6,14598,21,"F","norsk","Kristiansand","norsk","norskogengelsk","vgs","N",0.969683256087795
"3e096a6bd7922b4a35cee62ee4d1371f",294,"BF",320,2,20990,21,"F","norsk","Kristiansand","norsk","norskogengelsk","vgs","N",-0.812437322668153
"3e096a6bd7922b4a35cee62ee4d1371f",87,"ShortFordiNoIsl",11,5,30760,21,"F","norsk","Kristiansand","norsk","norskogengelsk","vgs","N",0.524153111398808
"3e096a6bd7922b4a35cee62ee4d1371f",288,"BF",314,3,19043,21,"F","norsk","Kristiansand","norsk","norskogengelsk","vgs","N",-0.366907177979166
"3e096a6bd7922b4a35cee62ee4d1371f",190,"LongAdjunctIsl",65,1,13512,21,"F","norsk","Kristiansand","norsk","norskogengelsk","vgs","N",-1.25796746735714
"3e096a6bd7922b4a35cee62ee4d1371f",16,"localTop",602,5,50776,21,"F","norsk","Kristiansand","norsk","norskogengelsk","vgs","N",0.524153111398808
"3e096a6bd7922b4a35cee62ee4d1371f",137,"ShortAdjunctIsl",52,7,13590,21,"F","norsk","Kristiansand","norsk","norskogengelsk","vgs","N",1.41521340077678
"3e096a6bd7922b4a35cee62ee4d1371f",54,"LongFordiIsl",1,1,15111,21,"F","norsk","Kristiansand","norsk","norskogengelsk","vgs","N",-1.25796746735714
"3e096a6bd7922b4a35cee62ee4d1371f",308,"BF",202,2,5976,21,"F","norsk","Kristiansand","norsk","norskogengelsk","vgs","N",-0.812437322668153
"3e096a6bd7922b4a35cee62ee4d1371f",191,"ShortAdjunctNoIsl",66,6,39395,21,"F","norsk","Kristiansand","norsk","norskogengelsk","vgs","N",0.969683256087795
"3e096a6bd7922b4a35cee62ee4d1371f",312,"BF",206,2,6588,21,"F","norsk","Kristiansand","norsk","norskogengelsk","vgs","N",-0.812437322668153
"3e096a6bd7922b4a35cee62ee4d1371f",81,"ShortFordiIsl",9,7,29194,21,"F","norsk","Kristiansand","norsk","norskogengelsk","vgs","N",1.41521340077678
"3e096a6bd7922b4a35cee62ee4d1371f",280,"BF",306,4,10110,21,"F","norsk","Kristiansand","norsk","norskogengelsk","vgs","N",0.0786229667098211
"3e096a6bd7922b4a35cee62ee4d1371f",244,"LongSubjectNoIsl",108,6,12890,21,"F","norsk","Kristiansand","norsk","norskogengelsk","vgs","N",0.969683256087795
"3e096a6bd7922b4a35cee62ee4d1371f",148,"LongAdjunctNoIsl",55,4,8475,21,"F","norsk","Kristiansand","norsk","norskogengelsk","vgs","N",0.0786229667098211
"3e096a6bd7922b4a35cee62ee4d1371f",284,"BF",310,1,6344,21,"F","norsk","Kristiansand","norsk","norskogengelsk","vgs","N",-1.25796746735714
"3e096a6bd7922b4a35cee62ee4d1371f",222,"LongSubjectIsl",99,1,12066,21,"F","norsk","Kristiansand","norsk","norskogengelsk","vgs","N",-1.25796746735714
"3e096a6bd7922b4a35cee62ee4d1371f",295,"BF",321,3,12014,21,"F","norsk","Kristiansand","norsk","norskogengelsk","vgs","N",-0.366907177979166
"3e096a6bd7922b4a35cee62ee4d1371f",217,"ShortSubjectIsl",98,4,15075,21,"F","norsk","Kristiansand","norsk","norskogengelsk","vgs","N",0.0786229667098211
"3e096a6bd7922b4a35cee62ee4d1371f",289,"BF",315,2,5307,21,"F","norsk","Kristiansand","norsk","norskogengelsk","vgs","N",-0.812437322668153
"3e096a6bd7922b4a35cee62ee4d1371f",223,"ShortSubjectNoIsl",100,6,9150,21,"F","norsk","Kristiansand","norsk","norskogengelsk","vgs","N",0.969683256087795
"3e096a6bd7922b4a35cee62ee4d1371f",76,"LongFordiNoIsl",8,3,13114,21,"F","norsk","Kristiansand","norsk","norskogengelsk","vgs","N",-0.366907177979166
"3e096a6bd7922b4a35cee62ee4d1371f",307,"BF",201,1,5565,21,"F","norsk","Kristiansand","norsk","norskogengelsk","vgs","N",-1.25796746735714
"3e096a6bd7922b4a35cee62ee4d1371f",55,"ShortFordiNoIsl",2,7,9045,21,"F","norsk","Kristiansand","norsk","norskogengelsk","vgs","N",1.41521340077678
"3e096a6bd7922b4a35cee62ee4d1371f",291,"BF",317,2,21926,21,"F","norsk","Kristiansand","norsk","norskogengelsk","vgs","N",-0.812437322668153
"3e096a6bd7922b4a35cee62ee4d1371f",206,"LongAdjunctIsl",71,5,9439,21,"F","norsk","Kristiansand","norsk","norskogengelsk","vgs","N",0.524153111398808
"3e096a6bd7922b4a35cee62ee4d1371f",309,"BF",203,1,13955,21,"F","norsk","Kristiansand","norsk","norskogengelsk","vgs","N",-1.25796746735714
"3e096a6bd7922b4a35cee62ee4d1371f",185,"ShortAdjunctIsl",64,6,23270,21,"F","norsk","Kristiansand","norsk","norskogengelsk","vgs","N",0.969683256087795
"3e096a6bd7922b4a35cee62ee4d1371f",70,"LongFordiIsl",6,3,10257,21,"F","norsk","Kristiansand","norsk","norskogengelsk","vgs","N",-0.366907177979166
"3e096a6bd7922b4a35cee62ee4d1371f",18,"localTop",604,5,7894,21,"F","norsk","Kristiansand","norsk","norskogengelsk","vgs","N",0.524153111398808
"3e096a6bd7922b4a35cee62ee4d1371f",159,"ShortAdjunctNoIsl",58,7,6008,21,"F","norsk","Kristiansand","norsk","norskogengelsk","vgs","N",1.41521340077678
"3e096a6bd7922b4a35cee62ee4d1371f",303,"BF",329,1,4683,21,"F","norsk","Kristiansand","norsk","norskogengelsk","vgs","N",-1.25796746735714
"3e096a6bd7922b4a35cee62ee4d1371f",97,"ShortFordiIsl",13,5,5863,21,"F","norsk","Kristiansand","norsk","norskogengelsk","vgs","N",0.524153111398808
"3e096a6bd7922b4a35cee62ee4d1371f",302,"BF",328,2,20243,21,"F","norsk","Kristiansand","norsk","norskogengelsk","vgs","N",-0.812437322668153
"3e096a6bd7922b4a35cee62ee4d1371f",228,"LongSubjectNoIsl",103,4,5593,21,"F","norsk","Kristiansand","norsk","norskogengelsk","vgs","N",0.0786229667098211
"3e096a6bd7922b4a35cee62ee4d1371f",281,"BF",307,1,6158,21,"F","norsk","Kristiansand","norsk","norskogengelsk","vgs","N",-1.25796746735714
"3e096a6bd7922b4a35cee62ee4d1371f",196,"LongAdjunctNoIsl",68,4,4286,21,"F","norsk","Kristiansand","norsk","norskogengelsk","vgs","N",0.0786229667098211
"3e096a6bd7922b4a35cee62ee4d1371f",254,"LongSubjectIsl",110,1,7211,21,"F","norsk","Kristiansand","norsk","norskogengelsk","vgs","N",-1.25796746735714
"3e096a6bd7922b4a35cee62ee4d1371f",276,"BF",302,1,14546,21,"F","norsk","Kristiansand","norsk","norskogengelsk","vgs","N",-1.25796746735714
"3e096a6bd7922b4a35cee62ee4d1371f",249,"ShortSubjectIsl",109,5,17310,21,"F","norsk","Kristiansand","norsk","norskogengelsk","vgs","N",0.524153111398808
"3e096a6bd7922b4a35cee62ee4d1371f",283,"BF",309,2,19608,21,"F","norsk","Kristiansand","norsk","norskogengelsk","vgs","N",-0.812437322668153
"3e096a6bd7922b4a35cee62ee4d1371f",239,"ShortSubjectNoIsl",107,6,10138,21,"F","norsk","Kristiansand","norsk","norskogengelsk","vgs","N",0.969683256087795
"3e096a6bd7922b4a35cee62ee4d1371f",290,"BF",316,1,9685,21,"F","norsk","Kristiansand","norsk","norskogengelsk","vgs","N",-1.25796746735714
"3e096a6bd7922b4a35cee62ee4d1371f",60,"LongFordiNoIsl",3,5,11581,21,"F","norsk","Kristiansand","norsk","norskogengelsk","vgs","N",0.524153111398808
"3e096a6bd7922b4a35cee62ee4d1371f",71,"ShortFordiNoIsl",7,7,7600,21,"F","norsk","Kristiansand","norsk","norskogengelsk","vgs","N",1.41521340077678
"3e096a6bd7922b4a35cee62ee4d1371f",279,"BF",305,6,22016,21,"F","norsk","Kristiansand","norsk","norskogengelsk","vgs","N",0.969683256087795
"3e096a6bd7922b4a35cee62ee4d1371f",142,"LongAdjunctIsl",53,5,17576,21,"F","norsk","Kristiansand","norsk","norskogengelsk","vgs","N",0.524153111398808
"3e096a6bd7922b4a35cee62ee4d1371f",297,"BF",323,2,4686,21,"F","norsk","Kristiansand","norsk","norskogengelsk","vgs","N",-0.812437322668153
"3e096a6bd7922b4a35cee62ee4d1371f",169,"ShortAdjunctIsl",60,7,13579,21,"F","norsk","Kristiansand","norsk","norskogengelsk","vgs","N",1.41521340077678
"3e096a6bd7922b4a35cee62ee4d1371f",292,"BF",318,1,8789,21,"F","norsk","Kristiansand","norsk","norskogengelsk","vgs","N",-1.25796746735714
"3e096a6bd7922b4a35cee62ee4d1371f",102,"LongFordiIsl",14,4,12481,21,"F","norsk","Kristiansand","norsk","norskogengelsk","vgs","N",0.0786229667098211
"3e096a6bd7922b4a35cee62ee4d1371f",30,"longWhetherIsla",19,4,52223,21,"F","norsk","Kristiansand","norsk","norskogengelsk","vgs","N",0.0786229667098211
"3e096a6bd7922b4a35cee62ee4d1371f",282,"BF",308,2,5825,21,"F","norsk","Kristiansand","norsk","norskogengelsk","vgs","N",-0.812437322668153
"3e096a6bd7922b4a35cee62ee4d1371f",207,"ShortAdjunctNoIsl",72,5,6313,21,"F","norsk","Kristiansand","norsk","norskogengelsk","vgs","N",0.524153111398808
"3e096a6bd7922b4a35cee62ee4d1371f",15,"localTop",601,7,9760,21,"F","norsk","Kristiansand","norsk","norskogengelsk","vgs","N",1.41521340077678
"3e096a6bd7922b4a35cee62ee4d1371f",125,"ShortFordiIsl",22,7,42584,21,"F","norsk","Kristiansand","norsk","norskogengelsk","vgs","N",1.41521340077678
"3e096a6bd7922b4a35cee62ee4d1371f",310,"BF",204,2,15158,21,"F","norsk","Kristiansand","norsk","norskogengelsk","vgs","N",-0.812437322668153
"3e096a6bd7922b4a35cee62ee4d1371f",20,"longWhetherNoI",17,5,6629,21,"F","norsk","Kristiansand","norsk","norskogengelsk","vgs","N",0.524153111398808
"3e096a6bd7922b4a35cee62ee4d1371f",212,"LongSubjectNoIsl",97,5,5705,21,"F","norsk","Kristiansand","norsk","norskogengelsk","vgs","N",0.524153111398808
"3e096a6bd7922b4a35cee62ee4d1371f",314,"BF",208,2,12186,21,"F","norsk","Kristiansand","norsk","norskogengelsk","vgs","N",-0.812437322668153
"3e096a6bd7922b4a35cee62ee4d1371f",180,"LongAdjunctNoIsl",63,4,46754,21,"F","norsk","Kristiansand","norsk","norskogengelsk","vgs","N",0.0786229667098211
"3e096a6bd7922b4a35cee62ee4d1371f",306,"BF",213,1,4602,21,"F","norsk","Kristiansand","norsk","norskogengelsk","vgs","N",-1.25796746735714
"3e096a6bd7922b4a35cee62ee4d1371f",47,"shortWhetherNoI",24,6,6780,21,"F","norsk","Kristiansand","norsk","norskogengelsk","vgs","N",0.969683256087795
"3e096a6bd7922b4a35cee62ee4d1371f",286,"BF",312,4,3907,21,"F","norsk","Kristiansand","norsk","norskogengelsk","vgs","N",0.0786229667098211
"3e096a6bd7922b4a35cee62ee4d1371f",238,"LongSubjectIsl",106,1,15855,21,"F","norsk","Kristiansand","norsk","norskogengelsk","vgs","N",-1.25796746735714
"3e096a6bd7922b4a35cee62ee4d1371f",265,"ShortSubjectIsl",117,6,49906,21,"F","norsk","Kristiansand","norsk","norskogengelsk","vgs","N",0.969683256087795
"3e096a6bd7922b4a35cee62ee4d1371f",301,"BF",327,7,5923,21,"F","norsk","Kristiansand","norsk","norskogengelsk","vgs","N",1.41521340077678
"3e096a6bd7922b4a35cee62ee4d1371f",255,"ShortSubjectNoIsl",113,7,5895,21,"F","norsk","Kristiansand","norsk","norskogengelsk","vgs","N",1.41521340077678
"3e096a6bd7922b4a35cee62ee4d1371f",304,"BF",331,1,4929,21,"F","norsk","Kristiansand","norsk","norskogengelsk","vgs","N",-1.25796746735714
"3e096a6bd7922b4a35cee62ee4d1371f",25,"shortWhetherIsl",18,7,14167,21,"F","norsk","Kristiansand","norsk","norskogengelsk","vgs","N",1.41521340077678
"3e096a6bd7922b4a35cee62ee4d1371f",298,"BF",324,1,11562,21,"F","norsk","Kristiansand","norsk","norskogengelsk","vgs","N",-1.25796746735714
"3e096a6bd7922b4a35cee62ee4d1371f",92,"LongFordiNoIsl",12,4,6344,21,"F","norsk","Kristiansand","norsk","norskogengelsk","vgs","N",0.0786229667098211
"3e096a6bd7922b4a35cee62ee4d1371f",103,"ShortFordiNoIsl",15,6,8833,21,"F","norsk","Kristiansand","norsk","norskogengelsk","vgs","N",0.969683256087795
"3e096a6bd7922b4a35cee62ee4d1371f",285,"BF",311,2,12085,21,"F","norsk","Kristiansand","norsk","norskogengelsk","vgs","N",-0.812437322668153
"3e096a6bd7922b4a35cee62ee4d1371f",158,"LongAdjunctIsl",57,6,13168,21,"F","norsk","Kristiansand","norsk","norskogengelsk","vgs","N",0.969683256087795
"3e096a6bd7922b4a35cee62ee4d1371f",305,"BF",332,2,10248,21,"F","norsk","Kristiansand","norsk","norskogengelsk","vgs","N",-0.812437322668153
"3e096a6bd7922b4a35cee62ee4d1371f",201,"ShortAdjunctIsl",69,7,6666,21,"F","norsk","Kristiansand","norsk","norskogengelsk","vgs","N",1.41521340077678
"3e096a6bd7922b4a35cee62ee4d1371f",293,"BF",319,1,5189,21,"F","norsk","Kristiansand","norsk","norskogengelsk","vgs","N",-1.25796746735714
"3e096a6bd7922b4a35cee62ee4d1371f",86,"LongFordiIsl",10,6,7232,21,"F","norsk","Kristiansand","norsk","norskogengelsk","vgs","N",0.969683256087795
"3e096a6bd7922b4a35cee62ee4d1371f",17,"localTop",603,3,18376,21,"F","norsk","Kristiansand","norsk","norskogengelsk","vgs","N",-0.366907177979166
"4b0da727d8cb4711157183ede0b134b6",83,"ShortFordiNoIsl",10,5,5887,26,"F","norsk","IndreØstland","norsk","norsk","BA","N",0.761825494616748
"4b0da727d8cb4711157183ede0b134b6",197,"ShortAdjunctIsl",68,5,17305,26,"F","norsk","IndreØstland","norsk","norsk","BA","N",0.761825494616748
"4b0da727d8cb4711157183ede0b134b6",284,"BF",310,1,6573,26,"F","norsk","IndreØstland","norsk","norsk","BA","N",-1.45835166112349
"4b0da727d8cb4711157183ede0b134b6",203,"ShortAdjunctNoIsl",71,4,11119,26,"F","norsk","IndreØstland","norsk","norsk","BA","N",0.206781205681689
"4b0da727d8cb4711157183ede0b134b6",306,"BF",213,1,6630,26,"F","norsk","IndreØstland","norsk","norsk","BA","N",-1.45835166112349
"4b0da727d8cb4711157183ede0b134b6",192,"LongAdjunctNoIsl",66,2,7185,26,"F","norsk","IndreØstland","norsk","norsk","BA","N",-0.90330737218843
"4b0da727d8cb4711157183ede0b134b6",282,"BF",308,4,7008,26,"F","norsk","IndreØstland","norsk","norsk","BA","N",0.206781205681689
"4b0da727d8cb4711157183ede0b134b6",186,"LongAdjunctIsl",64,4,6929,26,"F","norsk","IndreØstland","norsk","norsk","BA","N",0.206781205681689
"4b0da727d8cb4711157183ede0b134b6",116,"LongFordiNoIsl",20,3,303469,26,"F","norsk","IndreØstland","norsk","norsk","BA","N",-0.348263083253371
"4b0da727d8cb4711157183ede0b134b6",307,"BF",201,1,7354,26,"F","norsk","IndreØstland","norsk","norsk","BA","N",-1.45835166112349
"4b0da727d8cb4711157183ede0b134b6",111,"ShortFordiNoIsl",19,6,11863,26,"F","norsk","IndreØstland","norsk","norsk","BA","N",1.31686978355181
"4b0da727d8cb4711157183ede0b134b6",294,"BF",320,1,16777,26,"F","norsk","IndreØstland","norsk","norsk","BA","N",-1.45835166112349
"4b0da727d8cb4711157183ede0b134b6",240,"LongSubjectNoIsl",107,3,20497,26,"F","norsk","IndreØstland","norsk","norsk","BA","N",-0.348263083253371
"4b0da727d8cb4711157183ede0b134b6",303,"BF",329,1,7083,26,"F","norsk","IndreØstland","norsk","norsk","BA","N",-1.45835166112349
"4b0da727d8cb4711157183ede0b134b6",149,"ShortAdjunctIsl",55,4,8037,26,"F","norsk","IndreØstland","norsk","norsk","BA","N",0.206781205681689
"4b0da727d8cb4711157183ede0b134b6",82,"LongFordiIsl",9,2,7594,26,"F","norsk","IndreØstland","norsk","norsk","BA","N",-0.90330737218843
"4b0da727d8cb4711157183ede0b134b6",280,"BF",306,5,8612,26,"F","norsk","IndreØstland","norsk","norsk","BA","N",0.761825494616748
"4b0da727d8cb4711157183ede0b134b6",139,"ShortAdjunctNoIsl",53,6,7484,26,"F","norsk","IndreØstland","norsk","norsk","BA","N",1.31686978355181
"4b0da727d8cb4711157183ede0b134b6",302,"BF",328,2,4634,26,"F","norsk","IndreØstland","norsk","norsk","BA","N",-0.90330737218843
"4b0da727d8cb4711157183ede0b134b6",160,"LongAdjunctNoIsl",58,6,5090,26,"F","norsk","IndreØstland","norsk","norsk","BA","N",1.31686978355181
"4b0da727d8cb4711157183ede0b134b6",276,"BF",302,1,4267,26,"F","norsk","IndreØstland","norsk","norsk","BA","N",-1.45835166112349
"4b0da727d8cb4711157183ede0b134b6",138,"LongAdjunctIsl",52,4,6938,26,"F","norsk","IndreØstland","norsk","norsk","BA","N",0.206781205681689
"4b0da727d8cb4711157183ede0b134b6",219,"ShortSubjectNoIsl",99,6,14485,26,"F","norsk","IndreØstland","norsk","norsk","BA","N",1.31686978355181
"4b0da727d8cb4711157183ede0b134b6",287,"BF",313,2,5528,26,"F","norsk","IndreØstland","norsk","norsk","BA","N",-0.90330737218843
"4b0da727d8cb4711157183ede0b134b6",266,"LongSubjectIsl",117,3,11143,26,"F","norsk","IndreØstland","norsk","norsk","BA","N",-0.348263083253371
"4b0da727d8cb4711157183ede0b134b6",15,"localTop",601,2,9377,26,"F","norsk","IndreØstland","norsk","norsk","BA","N",-0.90330737218843
"4b0da727d8cb4711157183ede0b134b6",56,"LongFordiNoIsl",2,5,5040,26,"F","norsk","IndreØstland","norsk","norsk","BA","N",0.761825494616748
"4b0da727d8cb4711157183ede0b134b6",293,"BF",319,2,5255,26,"F","norsk","IndreØstland","norsk","norsk","BA","N",-0.90330737218843
"4b0da727d8cb4711157183ede0b134b6",61,"ShortFordiIsl",3,5,13557,26,"F","norsk","IndreØstland","norsk","norsk","BA","N",0.761825494616748
"4b0da727d8cb4711157183ede0b134b6",229,"ShortSubjectIsl",103,5,7561,26,"F","norsk","IndreØstland","norsk","norsk","BA","N",0.761825494616748
"4b0da727d8cb4711157183ede0b134b6",313,"BF",207,2,6965,26,"F","norsk","IndreØstland","norsk","norsk","BA","N",-0.90330737218843
"4b0da727d8cb4711157183ede0b134b6",51,"ShortFordiNoIsl",1,5,9042,26,"F","norsk","IndreØstland","norsk","norsk","BA","N",0.761825494616748
"4b0da727d8cb4711157183ede0b134b6",305,"BF",332,5,10101,26,"F","norsk","IndreØstland","norsk","norsk","BA","N",0.761825494616748
"4b0da727d8cb4711157183ede0b134b6",224,"LongSubjectNoIsl",100,4,12046,26,"F","norsk","IndreØstland","norsk","norsk","BA","N",0.206781205681689
"4b0da727d8cb4711157183ede0b134b6",288,"BF",314,5,5760,26,"F","norsk","IndreØstland","norsk","norsk","BA","N",0.761825494616748
"4b0da727d8cb4711157183ede0b134b6",133,"ShortAdjunctIsl",50,5,5307,26,"F","norsk","IndreØstland","norsk","norsk","BA","N",0.761825494616748
"4b0da727d8cb4711157183ede0b134b6",66,"LongFordiIsl",4,3,6411,26,"F","norsk","IndreØstland","norsk","norsk","BA","N",-0.348263083253371
"4b0da727d8cb4711157183ede0b134b6",292,"BF",318,2,5538,26,"F","norsk","IndreØstland","norsk","norsk","BA","N",-0.90330737218843
"4b0da727d8cb4711157183ede0b134b6",171,"ShortAdjunctNoIsl",61,6,8848,26,"F","norsk","IndreØstland","norsk","norsk","BA","N",1.31686978355181
"4b0da727d8cb4711157183ede0b134b6",281,"BF",307,2,7285,26,"F","norsk","IndreØstland","norsk","norsk","BA","N",-0.90330737218843
"4b0da727d8cb4711157183ede0b134b6",144,"LongAdjunctNoIsl",54,7,5956,26,"F","norsk","IndreØstland","norsk","norsk","BA","N",1.87191407248687
"4b0da727d8cb4711157183ede0b134b6",289,"BF",315,5,8197,26,"F","norsk","IndreØstland","norsk","norsk","BA","N",0.761825494616748
"4b0da727d8cb4711157183ede0b134b6",154,"LongAdjunctIsl",56,3,11876,26,"F","norsk","IndreØstland","norsk","norsk","BA","N",-0.348263083253371
"4b0da727d8cb4711157183ede0b134b6",251,"ShortSubjectNoIsl",110,6,4087,26,"F","norsk","IndreØstland","norsk","norsk","BA","N",1.31686978355181
"4b0da727d8cb4711157183ede0b134b6",286,"BF",312,4,7027,26,"F","norsk","IndreØstland","norsk","norsk","BA","N",0.206781205681689
"4b0da727d8cb4711157183ede0b134b6",218,"LongSubjectIsl",98,2,6340,26,"F","norsk","IndreØstland","norsk","norsk","BA","N",-0.90330737218843
"4b0da727d8cb4711157183ede0b134b6",304,"BF",331,2,4780,26,"F","norsk","IndreØstland","norsk","norsk","BA","N",-0.90330737218843
"4b0da727d8cb4711157183ede0b134b6",104,"LongFordiNoIsl",15,4,10351,26,"F","norsk","IndreØstland","norsk","norsk","BA","N",0.206781205681689
"4b0da727d8cb4711157183ede0b134b6",18,"localTop",604,4,6689,26,"F","norsk","IndreØstland","norsk","norsk","BA","N",0.206781205681689
"4b0da727d8cb4711157183ede0b134b6",121,"ShortFordiIsl",21,4,5622,26,"F","norsk","IndreØstland","norsk","norsk","BA","N",0.206781205681689
"4b0da727d8cb4711157183ede0b134b6",261,"ShortSubjectIsl",116,4,7561,26,"F","norsk","IndreØstland","norsk","norsk","BA","N",0.206781205681689
"4b0da727d8cb4711157183ede0b134b6",290,"BF",316,1,4826,26,"F","norsk","IndreØstland","norsk","norsk","BA","N",-1.45835166112349
"4b0da727d8cb4711157183ede0b134b6",99,"ShortFordiNoIsl",14,5,5392,26,"F","norsk","IndreØstland","norsk","norsk","BA","N",0.761825494616748
"4b0da727d8cb4711157183ede0b134b6",279,"BF",305,1,2697,26,"F","norsk","IndreØstland","norsk","norsk","BA","N",-1.45835166112349
"4b0da727d8cb4711157183ede0b134b6",256,"LongSubjectNoIsl",113,7,5696,26,"F","norsk","IndreØstland","norsk","norsk","BA","N",1.87191407248687
"4b0da727d8cb4711157183ede0b134b6",283,"BF",309,1,5466,26,"F","norsk","IndreØstland","norsk","norsk","BA","N",-1.45835166112349
"4b0da727d8cb4711157183ede0b134b6",181,"ShortAdjunctIsl",63,7,5323,26,"F","norsk","IndreØstland","norsk","norsk","BA","N",1.87191407248687
"4b0da727d8cb4711157183ede0b134b6",277,"BF",303,5,6817,26,"F","norsk","IndreØstland","norsk","norsk","BA","N",0.761825494616748
"4b0da727d8cb4711157183ede0b134b6",126,"LongFordiIsl",22,5,5833,26,"F","norsk","IndreØstland","norsk","norsk","BA","N",0.761825494616748
"4b0da727d8cb4711157183ede0b134b6",187,"ShortAdjunctNoIsl",65,5,5389,26,"F","norsk","IndreØstland","norsk","norsk","BA","N",0.761825494616748
"4b0da727d8cb4711157183ede0b134b6",298,"BF",324,1,4604,26,"F","norsk","IndreØstland","norsk","norsk","BA","N",-1.45835166112349
"4b0da727d8cb4711157183ede0b134b6",176,"LongAdjunctNoIsl",62,4,6563,26,"F","norsk","IndreØstland","norsk","norsk","BA","N",0.206781205681689
"4b0da727d8cb4711157183ede0b134b6",312,"BF",206,1,6494,26,"F","norsk","IndreØstland","norsk","norsk","BA","N",-1.45835166112349
"4b0da727d8cb4711157183ede0b134b6",170,"LongAdjunctIsl",60,5,6999,26,"F","norsk","IndreØstland","norsk","norsk","BA","N",0.761825494616748
"4b0da727d8cb4711157183ede0b134b6",297,"BF",323,2,4109,26,"F","norsk","IndreØstland","norsk","norsk","BA","N",-0.90330737218843
"4b0da727d8cb4711157183ede0b134b6",235,"ShortSubjectNoIsl",106,5,4025,26,"F","norsk","IndreØstland","norsk","norsk","BA","N",0.761825494616748
"4b0da727d8cb4711157183ede0b134b6",250,"LongSubjectIsl",109,2,6391,26,"F","norsk","IndreØstland","norsk","norsk","BA","N",-0.90330737218843
"4b0da727d8cb4711157183ede0b134b6",311,"BF",205,1,6715,26,"F","norsk","IndreØstland","norsk","norsk","BA","N",-1.45835166112349
"4b0da727d8cb4711157183ede0b134b6",88,"LongFordiNoIsl",11,6,9773,26,"F","norsk","IndreØstland","norsk","norsk","BA","N",1.31686978355181
"4b0da727d8cb4711157183ede0b134b6",301,"BF",327,2,4297,26,"F","norsk","IndreØstland","norsk","norsk","BA","N",-0.90330737218843
"4b0da727d8cb4711157183ede0b134b6",93,"ShortFordiIsl",12,6,5423,26,"F","norsk","IndreØstland","norsk","norsk","BA","N",1.31686978355181
"4b0da727d8cb4711157183ede0b134b6",309,"BF",203,1,5553,26,"F","norsk","IndreØstland","norsk","norsk","BA","N",-1.45835166112349
"4b0da727d8cb4711157183ede0b134b6",245,"ShortSubjectIsl",108,6,4690,26,"F","norsk","IndreØstland","norsk","norsk","BA","N",1.31686978355181
"4b0da727d8cb4711157183ede0b134b6",67,"ShortFordiNoIsl",6,7,5806,26,"F","norsk","IndreØstland","norsk","norsk","BA","N",1.87191407248687
"4b0da727d8cb4711157183ede0b134b6",16,"localTop",602,2,5622,26,"F","norsk","IndreØstland","norsk","norsk","BA","N",-0.90330737218843
"4b0da727d8cb4711157183ede0b134b6",272,"LongSubjectNoIsl",120,6,8193,26,"F","norsk","IndreØstland","norsk","norsk","BA","N",1.31686978355181
"4b0da727d8cb4711157183ede0b134b6",278,"BF",304,2,3988,26,"F","norsk","IndreØstland","norsk","norsk","BA","N",-0.90330737218843
"4b0da727d8cb4711157183ede0b134b6",165,"ShortAdjunctIsl",59,6,4975,26,"F","norsk","IndreØstland","norsk","norsk","BA","N",1.31686978355181
"4b0da727d8cb4711157183ede0b134b6",310,"BF",204,2,5503,26,"F","norsk","IndreØstland","norsk","norsk","BA","N",-0.90330737218843
"4b0da727d8cb4711157183ede0b134b6",98,"LongFordiIsl",13,2,11355,26,"F","norsk","IndreØstland","norsk","norsk","BA","N",-0.90330737218843
"4b0da727d8cb4711157183ede0b134b6",155,"ShortAdjunctNoIsl",57,5,7813,26,"F","norsk","IndreØstland","norsk","norsk","BA","N",0.761825494616748
"4b0da727d8cb4711157183ede0b134b6",308,"BF",202,2,3452,26,"F","norsk","IndreØstland","norsk","norsk","BA","N",-0.90330737218843
"4b0da727d8cb4711157183ede0b134b6",21,"shortWhetherIsl",17,4,5063,26,"F","norsk","IndreØstland","norsk","norsk","BA","N",0.206781205681689
"4b0da727d8cb4711157183ede0b134b6",295,"BF",321,3,4353,26,"F","norsk","IndreØstland","norsk","norsk","BA","N",-0.348263083253371
"4b0da727d8cb4711157183ede0b134b6",208,"LongAdjunctNoIsl",72,4,4087,26,"F","norsk","IndreØstland","norsk","norsk","BA","N",0.206781205681689
"4b0da727d8cb4711157183ede0b134b6",299,"BF",325,2,7812,26,"F","norsk","IndreØstland","norsk","norsk","BA","N",-0.90330737218843
"4b0da727d8cb4711157183ede0b134b6",202,"LongAdjunctIsl",69,5,6568,26,"F","norsk","IndreØstland","norsk","norsk","BA","N",0.761825494616748
"4b0da727d8cb4711157183ede0b134b6",267,"ShortSubjectNoIsl",118,5,5240,26,"F","norsk","IndreØstland","norsk","norsk","BA","N",0.761825494616748
"4b0da727d8cb4711157183ede0b134b6",314,"BF",208,3,7113,26,"F","norsk","IndreØstland","norsk","norsk","BA","N",-0.348263083253371
"4b0da727d8cb4711157183ede0b134b6",26,"longWhetherIsla",18,5,3994,26,"F","norsk","IndreØstland","norsk","norsk","BA","N",0.761825494616748
"4b0da727d8cb4711157183ede0b134b6",291,"BF",317,2,4095,26,"F","norsk","IndreØstland","norsk","norsk","BA","N",-0.90330737218843
"4b0da727d8cb4711157183ede0b134b6",234,"LongSubjectIsl",104,2,6154,26,"F","norsk","IndreØstland","norsk","norsk","BA","N",-0.90330737218843
"4b0da727d8cb4711157183ede0b134b6",285,"BF",311,2,6902,26,"F","norsk","IndreØstland","norsk","norsk","BA","N",-0.90330737218843
"4b0da727d8cb4711157183ede0b134b6",72,"LongFordiNoIsl",7,5,3855,26,"F","norsk","IndreØstland","norsk","norsk","BA","N",0.761825494616748
"4b0da727d8cb4711157183ede0b134b6",77,"ShortFordiIsl",8,5,4367,26,"F","norsk","IndreØstland","norsk","norsk","BA","N",0.761825494616748
"4b0da727d8cb4711157183ede0b134b6",296,"BF",322,2,8758,26,"F","norsk","IndreØstland","norsk","norsk","BA","N",-0.90330737218843
"4b0da727d8cb4711157183ede0b134b6",48,"longWhetherNoI",24,5,4625,26,"F","norsk","IndreØstland","norsk","norsk","BA","N",0.761825494616748
"4b0da727d8cb4711157183ede0b134b6",300,"BF",326,4,5423,26,"F","norsk","IndreØstland","norsk","norsk","BA","N",0.206781205681689
"4b0da727d8cb4711157183ede0b134b6",43,"shortWhetherNoI",23,6,6824,26,"F","norsk","IndreØstland","norsk","norsk","BA","N",1.31686978355181
"4b0da727d8cb4711157183ede0b134b6",17,"localTop",603,2,5764,26,"F","norsk","IndreØstland","norsk","norsk","BA","N",-0.90330737218843
"4b0da727d8cb4711157183ede0b134b6",213,"ShortSubjectIsl",97,5,5300,26,"F","norsk","IndreØstland","norsk","norsk","BA","N",0.761825494616748
"4b0da727d8cb4711157183ede0b134b6",275,"BF",301,1,3850,26,"F","norsk","IndreØstland","norsk","norsk","BA","N",-1.45835166112349
"6404cdd8e729b8846ad8c491ad1bbf17",102,"LongFordiIsl",14,2,11016,23,"F","norsk","Ålesund","norsk","norsk","vgs","N",-0.910068272130339
"6404cdd8e729b8846ad8c491ad1bbf17",191,"ShortAdjunctNoIsl",66,7,13115,23,"F","norsk","Ålesund","norsk","norsk","vgs","N",1.24869832687651
"6404cdd8e729b8846ad8c491ad1bbf17",306,"BF",213,2,11179,23,"F","norsk","Ålesund","norsk","norsk","vgs","N",-0.910068272130339
"6404cdd8e729b8846ad8c491ad1bbf17",164,"LongAdjunctNoIsl",59,4,10816,23,"F","norsk","Ålesund","norsk","norsk","vgs","N",-0.0465616325275986
"6404cdd8e729b8846ad8c491ad1bbf17",290,"BF",316,2,8887,23,"F","norsk","Ålesund","norsk","norsk","vgs","N",-0.910068272130339
"6404cdd8e729b8846ad8c491ad1bbf17",71,"ShortFordiNoIsl",7,7,8240,23,"F","norsk","Ålesund","norsk","norsk","vgs","N",1.24869832687651
"6404cdd8e729b8846ad8c491ad1bbf17",299,"BF",325,1,7649,23,"F","norsk","Ålesund","norsk","norsk","vgs","N",-1.34182159193171
"6404cdd8e729b8846ad8c491ad1bbf17",190,"LongAdjunctIsl",65,2,14331,23,"F","norsk","Ålesund","norsk","norsk","vgs","N",-0.910068272130339
"6404cdd8e729b8846ad8c491ad1bbf17",153,"ShortAdjunctIsl",56,7,10518,23,"F","norsk","Ålesund","norsk","norsk","vgs","N",1.24869832687651
"6404cdd8e729b8846ad8c491ad1bbf17",279,"BF",305,1,7341,23,"F","norsk","Ålesund","norsk","norsk","vgs","N",-1.34182159193171
"6404cdd8e729b8846ad8c491ad1bbf17",70,"LongFordiIsl",6,3,14422,23,"F","norsk","Ålesund","norsk","norsk","vgs","N",-0.478314952328969
"6404cdd8e729b8846ad8c491ad1bbf17",292,"BF",318,1,11721,23,"F","norsk","Ålesund","norsk","norsk","vgs","N",-1.34182159193171
"6404cdd8e729b8846ad8c491ad1bbf17",159,"ShortAdjunctNoIsl",58,7,7878,23,"F","norsk","Ålesund","norsk","norsk","vgs","N",1.24869832687651
"6404cdd8e729b8846ad8c491ad1bbf17",307,"BF",201,2,6010,23,"F","norsk","Ålesund","norsk","norsk","vgs","N",-0.910068272130339
"6404cdd8e729b8846ad8c491ad1bbf17",260,"LongSubjectNoIsl",116,5,11972,23,"F","norsk","Ålesund","norsk","norsk","vgs","N",0.385191687273772
"6404cdd8e729b8846ad8c491ad1bbf17",132,"LongAdjunctNoIsl",50,7,8922,23,"F","norsk","Ålesund","norsk","norsk","vgs","N",1.24869832687651
"6404cdd8e729b8846ad8c491ad1bbf17",301,"BF",327,6,9943,23,"F","norsk","Ålesund","norsk","norsk","vgs","N",0.816945007075142
"6404cdd8e729b8846ad8c491ad1bbf17",76,"LongFordiNoIsl",8,4,11193,23,"F","norsk","Ålesund","norsk","norsk","vgs","N",-0.0465616325275986
"6404cdd8e729b8846ad8c491ad1bbf17",291,"BF",317,1,6854,23,"F","norsk","Ålesund","norsk","norsk","vgs","N",-1.34182159193171
"6404cdd8e729b8846ad8c491ad1bbf17",115,"ShortFordiNoIsl",20,6,9920,23,"F","norsk","Ålesund","norsk","norsk","vgs","N",0.816945007075142
"6404cdd8e729b8846ad8c491ad1bbf17",308,"BF",202,2,7398,23,"F","norsk","Ålesund","norsk","norsk","vgs","N",-0.910068272130339
"6404cdd8e729b8846ad8c491ad1bbf17",125,"ShortFordiIsl",22,7,9042,23,"F","norsk","Ålesund","norsk","norsk","vgs","N",1.24869832687651
"6404cdd8e729b8846ad8c491ad1bbf17",174,"LongAdjunctIsl",61,3,9443,23,"F","norsk","Ålesund","norsk","norsk","vgs","N",-0.478314952328969
"6404cdd8e729b8846ad8c491ad1bbf17",302,"BF",328,2,7870,23,"F","norsk","Ålesund","norsk","norsk","vgs","N",-0.910068272130339
"6404cdd8e729b8846ad8c491ad1bbf17",233,"ShortSubjectIsl",104,6,11521,23,"F","norsk","Ålesund","norsk","norsk","vgs","N",0.816945007075142
"6404cdd8e729b8846ad8c491ad1bbf17",15,"localTop",601,7,8085,23,"F","norsk","Ålesund","norsk","norsk","vgs","N",1.24869832687651
"6404cdd8e729b8846ad8c491ad1bbf17",185,"ShortAdjunctIsl",64,6,12676,23,"F","norsk","Ålesund","norsk","norsk","vgs","N",0.816945007075142
"6404cdd8e729b8846ad8c491ad1bbf17",293,"BF",319,2,11415,23,"F","norsk","Ålesund","norsk","norsk","vgs","N",-0.910068272130339
"6404cdd8e729b8846ad8c491ad1bbf17",222,"LongSubjectIsl",99,1,11062,23,"F","norsk","Ålesund","norsk","norsk","vgs","N",-1.34182159193171
"6404cdd8e729b8846ad8c491ad1bbf17",223,"ShortSubjectNoIsl",100,6,8713,23,"F","norsk","Ålesund","norsk","norsk","vgs","N",0.816945007075142
"6404cdd8e729b8846ad8c491ad1bbf17",311,"BF",205,2,9089,23,"F","norsk","Ålesund","norsk","norsk","vgs","N",-0.910068272130339
"6404cdd8e729b8846ad8c491ad1bbf17",130,"LongFordiIsl",23,5,8874,23,"F","norsk","Ålesund","norsk","norsk","vgs","N",0.385191687273772
"6404cdd8e729b8846ad8c491ad1bbf17",314,"BF",208,2,8512,23,"F","norsk","Ålesund","norsk","norsk","vgs","N",-0.910068272130339
"6404cdd8e729b8846ad8c491ad1bbf17",143,"ShortAdjunctNoIsl",54,6,14196,23,"F","norsk","Ålesund","norsk","norsk","vgs","N",0.816945007075142
"6404cdd8e729b8846ad8c491ad1bbf17",309,"BF",203,2,6674,23,"F","norsk","Ålesund","norsk","norsk","vgs","N",-0.910068272130339
"6404cdd8e729b8846ad8c491ad1bbf17",212,"LongSubjectNoIsl",97,6,12930,23,"F","norsk","Ålesund","norsk","norsk","vgs","N",0.816945007075142
"6404cdd8e729b8846ad8c491ad1bbf17",196,"LongAdjunctNoIsl",68,5,6281,23,"F","norsk","Ålesund","norsk","norsk","vgs","N",0.385191687273772
"6404cdd8e729b8846ad8c491ad1bbf17",285,"BF",311,3,12973,23,"F","norsk","Ålesund","norsk","norsk","vgs","N",-0.478314952328969
"6404cdd8e729b8846ad8c491ad1bbf17",120,"LongFordiNoIsl",21,6,8478,23,"F","norsk","Ålesund","norsk","norsk","vgs","N",0.816945007075142
"6404cdd8e729b8846ad8c491ad1bbf17",312,"BF",206,2,11610,23,"F","norsk","Ålesund","norsk","norsk","vgs","N",-0.910068272130339
"6404cdd8e729b8846ad8c491ad1bbf17",103,"ShortFordiNoIsl",15,7,14334,23,"F","norsk","Ålesund","norsk","norsk","vgs","N",1.24869832687651
"6404cdd8e729b8846ad8c491ad1bbf17",313,"BF",207,2,8794,23,"F","norsk","Ålesund","norsk","norsk","vgs","N",-0.910068272130339
"6404cdd8e729b8846ad8c491ad1bbf17",65,"ShortFordiIsl",4,6,7539,23,"F","norsk","Ålesund","norsk","norsk","vgs","N",0.816945007075142
"6404cdd8e729b8846ad8c491ad1bbf17",158,"LongAdjunctIsl",57,5,8080,23,"F","norsk","Ålesund","norsk","norsk","vgs","N",0.385191687273772
"6404cdd8e729b8846ad8c491ad1bbf17",284,"BF",310,1,8243,23,"F","norsk","Ålesund","norsk","norsk","vgs","N",-1.34182159193171
"6404cdd8e729b8846ad8c491ad1bbf17",265,"ShortSubjectIsl",117,7,14484,23,"F","norsk","Ålesund","norsk","norsk","vgs","N",1.24869832687651
"6404cdd8e729b8846ad8c491ad1bbf17",310,"BF",204,6,7863,23,"F","norsk","Ålesund","norsk","norsk","vgs","N",0.816945007075142
"6404cdd8e729b8846ad8c491ad1bbf17",137,"ShortAdjunctIsl",52,6,7410,23,"F","norsk","Ålesund","norsk","norsk","vgs","N",0.816945007075142
"6404cdd8e729b8846ad8c491ad1bbf17",17,"localTop",603,2,6515,23,"F","norsk","Ålesund","norsk","norsk","vgs","N",-0.910068272130339
"6404cdd8e729b8846ad8c491ad1bbf17",238,"LongSubjectIsl",106,1,8182,23,"F","norsk","Ålesund","norsk","norsk","vgs","N",-1.34182159193171
"6404cdd8e729b8846ad8c491ad1bbf17",271,"ShortSubjectNoIsl",120,7,7310,23,"F","norsk","Ålesund","norsk","norsk","vgs","N",1.24869832687651
"6404cdd8e729b8846ad8c491ad1bbf17",304,"BF",331,7,7744,23,"F","norsk","Ålesund","norsk","norsk","vgs","N",1.24869832687651
"6404cdd8e729b8846ad8c491ad1bbf17",54,"LongFordiIsl",1,3,14531,23,"F","norsk","Ålesund","norsk","norsk","vgs","N",-0.478314952328969
"6404cdd8e729b8846ad8c491ad1bbf17",296,"BF",322,1,8280,23,"F","norsk","Ålesund","norsk","norsk","vgs","N",-1.34182159193171
"6404cdd8e729b8846ad8c491ad1bbf17",207,"ShortAdjunctNoIsl",72,7,7045,23,"F","norsk","Ålesund","norsk","norsk","vgs","N",1.24869832687651
"6404cdd8e729b8846ad8c491ad1bbf17",282,"BF",308,7,15305,23,"F","norsk","Ålesund","norsk","norsk","vgs","N",1.24869832687651
"6404cdd8e729b8846ad8c491ad1bbf17",228,"LongSubjectNoIsl",103,6,7729,23,"F","norsk","Ålesund","norsk","norsk","vgs","N",0.816945007075142
"6404cdd8e729b8846ad8c491ad1bbf17",295,"BF",321,2,7765,23,"F","norsk","Ålesund","norsk","norsk","vgs","N",-0.910068272130339
"6404cdd8e729b8846ad8c491ad1bbf17",148,"LongAdjunctNoIsl",55,6,11106,23,"F","norsk","Ålesund","norsk","norsk","vgs","N",0.816945007075142
"6404cdd8e729b8846ad8c491ad1bbf17",60,"LongFordiNoIsl",3,6,7537,23,"F","norsk","Ålesund","norsk","norsk","vgs","N",0.816945007075142
"6404cdd8e729b8846ad8c491ad1bbf17",276,"BF",302,6,4357,23,"F","norsk","Ålesund","norsk","norsk","vgs","N",0.816945007075142
"6404cdd8e729b8846ad8c491ad1bbf17",55,"ShortFordiNoIsl",2,7,8947,23,"F","norsk","Ålesund","norsk","norsk","vgs","N",1.24869832687651
"6404cdd8e729b8846ad8c491ad1bbf17",298,"BF",324,2,7283,23,"F","norsk","Ålesund","norsk","norsk","vgs","N",-0.910068272130339
"6404cdd8e729b8846ad8c491ad1bbf17",97,"ShortFordiIsl",13,7,9079,23,"F","norsk","Ålesund","norsk","norsk","vgs","N",1.24869832687651
"6404cdd8e729b8846ad8c491ad1bbf17",289,"BF",315,1,9072,23,"F","norsk","Ålesund","norsk","norsk","vgs","N",-1.34182159193171
"6404cdd8e729b8846ad8c491ad1bbf17",142,"LongAdjunctIsl",53,5,8697,23,"F","norsk","Ålesund","norsk","norsk","vgs","N",0.385191687273772
"6404cdd8e729b8846ad8c491ad1bbf17",249,"ShortSubjectIsl",109,6,8052,23,"F","norsk","Ålesund","norsk","norsk","vgs","N",0.816945007075142
"6404cdd8e729b8846ad8c491ad1bbf17",288,"BF",314,2,8051,23,"F","norsk","Ålesund","norsk","norsk","vgs","N",-0.910068272130339
"6404cdd8e729b8846ad8c491ad1bbf17",201,"ShortAdjunctIsl",69,7,9581,23,"F","norsk","Ålesund","norsk","norsk","vgs","N",1.24869832687651
"6404cdd8e729b8846ad8c491ad1bbf17",280,"BF",306,7,11579,23,"F","norsk","Ålesund","norsk","norsk","vgs","N",1.24869832687651
"6404cdd8e729b8846ad8c491ad1bbf17",254,"LongSubjectIsl",110,1,9249,23,"F","norsk","Ålesund","norsk","norsk","vgs","N",-1.34182159193171
"6404cdd8e729b8846ad8c491ad1bbf17",305,"BF",332,1,7152,23,"F","norsk","Ålesund","norsk","norsk","vgs","N",-1.34182159193171
"6404cdd8e729b8846ad8c491ad1bbf17",255,"ShortSubjectNoIsl",113,7,10598,23,"F","norsk","Ålesund","norsk","norsk","vgs","N",1.24869832687651
"6404cdd8e729b8846ad8c491ad1bbf17",86,"LongFordiIsl",10,3,9404,23,"F","norsk","Ålesund","norsk","norsk","vgs","N",-0.478314952328969
"6404cdd8e729b8846ad8c491ad1bbf17",18,"localTop",604,5,11603,23,"F","norsk","Ålesund","norsk","norsk","vgs","N",0.385191687273772
"6404cdd8e729b8846ad8c491ad1bbf17",20,"longWhetherNoI",17,5,11806,23,"F","norsk","Ålesund","norsk","norsk","vgs","N",0.385191687273772
"6404cdd8e729b8846ad8c491ad1bbf17",281,"BF",307,2,6719,23,"F","norsk","Ålesund","norsk","norsk","vgs","N",-0.910068272130339
"6404cdd8e729b8846ad8c491ad1bbf17",175,"ShortAdjunctNoIsl",62,7,13989,23,"F","norsk","Ålesund","norsk","norsk","vgs","N",1.24869832687651
"6404cdd8e729b8846ad8c491ad1bbf17",275,"BF",301,2,4925,23,"F","norsk","Ålesund","norsk","norsk","vgs","N",-0.910068272130339
"6404cdd8e729b8846ad8c491ad1bbf17",244,"LongSubjectNoIsl",108,5,11506,23,"F","norsk","Ålesund","norsk","norsk","vgs","N",0.385191687273772
"6404cdd8e729b8846ad8c491ad1bbf17",180,"LongAdjunctNoIsl",63,3,16592,23,"F","norsk","Ålesund","norsk","norsk","vgs","N",-0.478314952328969
"6404cdd8e729b8846ad8c491ad1bbf17",286,"BF",312,5,7705,23,"F","norsk","Ålesund","norsk","norsk","vgs","N",0.385191687273772
"6404cdd8e729b8846ad8c491ad1bbf17",92,"LongFordiNoIsl",12,4,11504,23,"F","norsk","Ålesund","norsk","norsk","vgs","N",-0.0465616325275986
"6404cdd8e729b8846ad8c491ad1bbf17",300,"BF",326,1,6632,23,"F","norsk","Ålesund","norsk","norsk","vgs","N",-1.34182159193171
"6404cdd8e729b8846ad8c491ad1bbf17",30,"longWhetherIsla",19,1,5835,23,"F","norsk","Ålesund","norsk","norsk","vgs","N",-1.34182159193171
"6404cdd8e729b8846ad8c491ad1bbf17",294,"BF",320,1,5066,23,"F","norsk","Ålesund","norsk","norsk","vgs","N",-1.34182159193171
"6404cdd8e729b8846ad8c491ad1bbf17",87,"ShortFordiNoIsl",11,6,12119,23,"F","norsk","Ålesund","norsk","norsk","vgs","N",0.816945007075142
"6404cdd8e729b8846ad8c491ad1bbf17",81,"ShortFordiIsl",9,7,9159,23,"F","norsk","Ålesund","norsk","norsk","vgs","N",1.24869832687651
"6404cdd8e729b8846ad8c491ad1bbf17",283,"BF",309,4,7571,23,"F","norsk","Ålesund","norsk","norsk","vgs","N",-0.0465616325275986
"6404cdd8e729b8846ad8c491ad1bbf17",206,"LongAdjunctIsl",71,5,9666,23,"F","norsk","Ålesund","norsk","norsk","vgs","N",0.385191687273772
"6404cdd8e729b8846ad8c491ad1bbf17",287,"BF",313,1,4989,23,"F","norsk","Ålesund","norsk","norsk","vgs","N",-1.34182159193171
"6404cdd8e729b8846ad8c491ad1bbf17",217,"ShortSubjectIsl",98,5,10042,23,"F","norsk","Ålesund","norsk","norsk","vgs","N",0.385191687273772
"6404cdd8e729b8846ad8c491ad1bbf17",297,"BF",323,1,6694,23,"F","norsk","Ålesund","norsk","norsk","vgs","N",-1.34182159193171
"6404cdd8e729b8846ad8c491ad1bbf17",169,"ShortAdjunctIsl",60,6,9448,23,"F","norsk","Ålesund","norsk","norsk","vgs","N",0.816945007075142
"6404cdd8e729b8846ad8c491ad1bbf17",25,"shortWhetherIsl",18,7,9531,23,"F","norsk","Ålesund","norsk","norsk","vgs","N",1.24869832687651
"6404cdd8e729b8846ad8c491ad1bbf17",277,"BF",303,2,9099,23,"F","norsk","Ålesund","norsk","norsk","vgs","N",-0.910068272130339
"6404cdd8e729b8846ad8c491ad1bbf17",270,"LongSubjectIsl",118,1,7687,23,"F","norsk","Ålesund","norsk","norsk","vgs","N",-1.34182159193171
"6404cdd8e729b8846ad8c491ad1bbf17",303,"BF",329,1,5285,23,"F","norsk","Ålesund","norsk","norsk","vgs","N",-1.34182159193171
"6404cdd8e729b8846ad8c491ad1bbf17",239,"ShortSubjectNoIsl",107,6,11695,23,"F","norsk","Ålesund","norsk","norsk","vgs","N",0.816945007075142
"6404cdd8e729b8846ad8c491ad1bbf17",16,"localTop",602,3,9258,23,"F","norsk","Ålesund","norsk","norsk","vgs","N",-0.478314952328969
"6404cdd8e729b8846ad8c491ad1bbf17",47,"shortWhetherNoI",24,7,6401,23,"F","norsk","Ålesund","norsk","norsk","vgs","N",1.24869832687651
"6404cdd8e729b8846ad8c491ad1bbf17",278,"BF",304,1,6432,23,"F","norsk","Ålesund","norsk","norsk","vgs","N",-1.34182159193171
"681aecd3f6f597801652dfd9cc76aa40",102,"LongFordiIsl",14,1,19344,25,"F","norsk","Nordnorsk","norsk","norsk","master","Y",-1.03641465070572
"681aecd3f6f597801652dfd9cc76aa40",143,"ShortAdjunctNoIsl",54,3,16408,25,"F","norsk","Nordnorsk","norsk","norsk","master","Y",-0.289317163977922
"681aecd3f6f597801652dfd9cc76aa40",275,"BF",301,1,5857,25,"F","norsk","Nordnorsk","norsk","norsk","master","Y",-1.03641465070572
"681aecd3f6f597801652dfd9cc76aa40",103,"ShortFordiNoIsl",15,7,15217,25,"F","norsk","Nordnorsk","norsk","norsk","master","Y",1.20487780947767
"681aecd3f6f597801652dfd9cc76aa40",310,"BF",204,1,12618,25,"F","norsk","Nordnorsk","norsk","norsk","master","Y",-1.03641465070572
"681aecd3f6f597801652dfd9cc76aa40",142,"LongAdjunctIsl",53,5,17367,25,"F","norsk","Nordnorsk","norsk","norsk","master","Y",0.457780322749876
"681aecd3f6f597801652dfd9cc76aa40",276,"BF",302,1,12798,25,"F","norsk","Nordnorsk","norsk","norsk","master","Y",-1.03641465070572
"681aecd3f6f597801652dfd9cc76aa40",196,"LongAdjunctNoIsl",68,6,5431,25,"F","norsk","Nordnorsk","norsk","norsk","master","Y",0.831329066113775
"681aecd3f6f597801652dfd9cc76aa40",137,"ShortAdjunctIsl",52,7,10950,25,"F","norsk","Nordnorsk","norsk","norsk","master","Y",1.20487780947767
"681aecd3f6f597801652dfd9cc76aa40",301,"BF",327,5,10186,25,"F","norsk","Nordnorsk","norsk","norsk","master","Y",0.457780322749876
"681aecd3f6f597801652dfd9cc76aa40",130,"LongFordiIsl",23,7,15601,25,"F","norsk","Nordnorsk","norsk","norsk","master","Y",1.20487780947767
"681aecd3f6f597801652dfd9cc76aa40",307,"BF",201,1,4571,25,"F","norsk","Nordnorsk","norsk","norsk","master","Y",-1.03641465070572
"681aecd3f6f597801652dfd9cc76aa40",207,"ShortAdjunctNoIsl",72,7,8961,25,"F","norsk","Nordnorsk","norsk","norsk","master","Y",1.20487780947767
"681aecd3f6f597801652dfd9cc76aa40",284,"BF",310,1,11475,25,"F","norsk","Nordnorsk","norsk","norsk","master","Y",-1.03641465070572
"681aecd3f6f597801652dfd9cc76aa40",212,"LongSubjectNoIsl",97,6,36596,25,"F","norsk","Nordnorsk","norsk","norsk","master","Y",0.831329066113775
"681aecd3f6f597801652dfd9cc76aa40",65,"ShortFordiIsl",4,5,14650,25,"F","norsk","Nordnorsk","norsk","norsk","master","Y",0.457780322749876
"681aecd3f6f597801652dfd9cc76aa40",312,"BF",206,1,13963,25,"F","norsk","Nordnorsk","norsk","norsk","master","Y",-1.03641465070572
"681aecd3f6f597801652dfd9cc76aa40",115,"ShortFordiNoIsl",20,7,15857,25,"F","norsk","Nordnorsk","norsk","norsk","master","Y",1.20487780947767
"681aecd3f6f597801652dfd9cc76aa40",296,"BF",322,1,9098,25,"F","norsk","Nordnorsk","norsk","norsk","master","Y",-1.03641465070572
"681aecd3f6f597801652dfd9cc76aa40",120,"LongFordiNoIsl",21,7,21889,25,"F","norsk","Nordnorsk","norsk","norsk","master","Y",1.20487780947767
"681aecd3f6f597801652dfd9cc76aa40",277,"BF",303,1,14200,25,"F","norsk","Nordnorsk","norsk","norsk","master","Y",-1.03641465070572
"681aecd3f6f597801652dfd9cc76aa40",174,"LongAdjunctIsl",61,1,47478,25,"F","norsk","Nordnorsk","norsk","norsk","master","Y",-1.03641465070572
"681aecd3f6f597801652dfd9cc76aa40",254,"LongSubjectIsl",110,1,6844,25,"F","norsk","Nordnorsk","norsk","norsk","master","Y",-1.03641465070572
"681aecd3f6f597801652dfd9cc76aa40",304,"BF",331,1,10840,25,"F","norsk","Nordnorsk","norsk","norsk","master","Y",-1.03641465070572
"681aecd3f6f597801652dfd9cc76aa40",239,"ShortSubjectNoIsl",107,7,31618,25,"F","norsk","Nordnorsk","norsk","norsk","master","Y",1.20487780947767
"681aecd3f6f597801652dfd9cc76aa40",17,"localTop",603,1,6304,25,"F","norsk","Nordnorsk","norsk","norsk","master","Y",-1.03641465070572
"681aecd3f6f597801652dfd9cc76aa40",132,"LongAdjunctNoIsl",50,7,6212,25,"F","norsk","Nordnorsk","norsk","norsk","master","Y",1.20487780947767
"681aecd3f6f597801652dfd9cc76aa40",309,"BF",203,1,7172,25,"F","norsk","Nordnorsk","norsk","norsk","master","Y",-1.03641465070572
"681aecd3f6f597801652dfd9cc76aa40",249,"ShortSubjectIsl",109,6,27573,25,"F","norsk","Nordnorsk","norsk","norsk","master","Y",0.831329066113775
"681aecd3f6f597801652dfd9cc76aa40",169,"ShortAdjunctIsl",60,1,27660,25,"F","norsk","Nordnorsk","norsk","norsk","master","Y",-1.03641465070572
"681aecd3f6f597801652dfd9cc76aa40",285,"BF",311,4,19657,25,"F","norsk","Nordnorsk","norsk","norsk","master","Y",0.0842315793859773
"681aecd3f6f597801652dfd9cc76aa40",70,"LongFordiIsl",6,1,10051,25,"F","norsk","Nordnorsk","norsk","norsk","master","Y",-1.03641465070572
"681aecd3f6f597801652dfd9cc76aa40",292,"BF",318,1,6290,25,"F","norsk","Nordnorsk","norsk","norsk","master","Y",-1.03641465070572
"681aecd3f6f597801652dfd9cc76aa40",191,"ShortAdjunctNoIsl",66,7,7493,25,"F","norsk","Nordnorsk","norsk","norsk","master","Y",1.20487780947767
"681aecd3f6f597801652dfd9cc76aa40",314,"BF",208,1,6044,25,"F","norsk","Nordnorsk","norsk","norsk","master","Y",-1.03641465070572
"681aecd3f6f597801652dfd9cc76aa40",260,"LongSubjectNoIsl",116,6,43841,25,"F","norsk","Nordnorsk","norsk","norsk","master","Y",0.831329066113775
"681aecd3f6f597801652dfd9cc76aa40",125,"ShortFordiIsl",22,6,11972,25,"F","norsk","Nordnorsk","norsk","norsk","master","Y",0.831329066113775
"681aecd3f6f597801652dfd9cc76aa40",303,"BF",329,1,8285,25,"F","norsk","Nordnorsk","norsk","norsk","master","Y",-1.03641465070572
"681aecd3f6f597801652dfd9cc76aa40",55,"ShortFordiNoIsl",2,7,8979,25,"F","norsk","Nordnorsk","norsk","norsk","master","Y",1.20487780947767
"681aecd3f6f597801652dfd9cc76aa40",300,"BF",326,1,10560,25,"F","norsk","Nordnorsk","norsk","norsk","master","Y",-1.03641465070572
"681aecd3f6f597801652dfd9cc76aa40",60,"LongFordiNoIsl",3,6,8813,25,"F","norsk","Nordnorsk","norsk","norsk","master","Y",0.831329066113775
"681aecd3f6f597801652dfd9cc76aa40",297,"BF",323,4,6193,25,"F","norsk","Nordnorsk","norsk","norsk","master","Y",0.0842315793859773
"681aecd3f6f597801652dfd9cc76aa40",190,"LongAdjunctIsl",65,1,10752,25,"F","norsk","Nordnorsk","norsk","norsk","master","Y",-1.03641465070572
"681aecd3f6f597801652dfd9cc76aa40",270,"LongSubjectIsl",118,1,24514,25,"F","norsk","Nordnorsk","norsk","norsk","master","Y",-1.03641465070572
"681aecd3f6f597801652dfd9cc76aa40",289,"BF",315,1,25072,25,"F","norsk","Nordnorsk","norsk","norsk","master","Y",-1.03641465070572
"681aecd3f6f597801652dfd9cc76aa40",255,"ShortSubjectNoIsl",113,7,40336,25,"F","norsk","Nordnorsk","norsk","norsk","master","Y",1.20487780947767
"681aecd3f6f597801652dfd9cc76aa40",290,"BF",316,1,9080,25,"F","norsk","Nordnorsk","norsk","norsk","master","Y",-1.03641465070572
"681aecd3f6f597801652dfd9cc76aa40",180,"LongAdjunctNoIsl",63,5,27305,25,"F","norsk","Nordnorsk","norsk","norsk","master","Y",0.457780322749876
"681aecd3f6f597801652dfd9cc76aa40",18,"localTop",604,6,10823,25,"F","norsk","Nordnorsk","norsk","norsk","master","Y",0.831329066113775
"681aecd3f6f597801652dfd9cc76aa40",265,"ShortSubjectIsl",117,7,17419,25,"F","norsk","Nordnorsk","norsk","norsk","master","Y",1.20487780947767
"681aecd3f6f597801652dfd9cc76aa40",201,"ShortAdjunctIsl",69,7,37534,25,"F","norsk","Nordnorsk","norsk","norsk","master","Y",1.20487780947767
"681aecd3f6f597801652dfd9cc76aa40",311,"BF",205,1,5587,25,"F","norsk","Nordnorsk","norsk","norsk","master","Y",-1.03641465070572
"681aecd3f6f597801652dfd9cc76aa40",86,"LongFordiIsl",10,1,20967,25,"F","norsk","Nordnorsk","norsk","norsk","master","Y",-1.03641465070572
"681aecd3f6f597801652dfd9cc76aa40",291,"BF",317,1,5977,25,"F","norsk","Nordnorsk","norsk","norsk","master","Y",-1.03641465070572
"681aecd3f6f597801652dfd9cc76aa40",175,"ShortAdjunctNoIsl",62,7,13269,25,"F","norsk","Nordnorsk","norsk","norsk","master","Y",1.20487780947767
"681aecd3f6f597801652dfd9cc76aa40",281,"BF",307,1,7119,25,"F","norsk","Nordnorsk","norsk","norsk","master","Y",-1.03641465070572
"681aecd3f6f597801652dfd9cc76aa40",244,"LongSubjectNoIsl",108,6,39801,25,"F","norsk","Nordnorsk","norsk","norsk","master","Y",0.831329066113775
"681aecd3f6f597801652dfd9cc76aa40",286,"BF",312,4,9664,25,"F","norsk","Nordnorsk","norsk","norsk","master","Y",0.0842315793859773
"681aecd3f6f597801652dfd9cc76aa40",81,"ShortFordiIsl",9,7,8725,25,"F","norsk","Nordnorsk","norsk","norsk","master","Y",1.20487780947767
"681aecd3f6f597801652dfd9cc76aa40",87,"ShortFordiNoIsl",11,7,11314,25,"F","norsk","Nordnorsk","norsk","norsk","master","Y",1.20487780947767
"681aecd3f6f597801652dfd9cc76aa40",305,"BF",332,1,15664,25,"F","norsk","Nordnorsk","norsk","norsk","master","Y",-1.03641465070572
"681aecd3f6f597801652dfd9cc76aa40",92,"LongFordiNoIsl",12,7,10521,25,"F","norsk","Nordnorsk","norsk","norsk","master","Y",1.20487780947767
"681aecd3f6f597801652dfd9cc76aa40",293,"BF",319,1,4805,25,"F","norsk","Nordnorsk","norsk","norsk","master","Y",-1.03641465070572
"681aecd3f6f597801652dfd9cc76aa40",158,"LongAdjunctIsl",57,7,19622,25,"F","norsk","Nordnorsk","norsk","norsk","master","Y",1.20487780947767
"681aecd3f6f597801652dfd9cc76aa40",306,"BF",213,1,7108,25,"F","norsk","Nordnorsk","norsk","norsk","master","Y",-1.03641465070572
"681aecd3f6f597801652dfd9cc76aa40",238,"LongSubjectIsl",106,1,14268,25,"F","norsk","Nordnorsk","norsk","norsk","master","Y",-1.03641465070572
"681aecd3f6f597801652dfd9cc76aa40",271,"ShortSubjectNoIsl",120,7,15195,25,"F","norsk","Nordnorsk","norsk","norsk","master","Y",1.20487780947767
"681aecd3f6f597801652dfd9cc76aa40",283,"BF",309,1,9066,25,"F","norsk","Nordnorsk","norsk","norsk","master","Y",-1.03641465070572
"681aecd3f6f597801652dfd9cc76aa40",164,"LongAdjunctNoIsl",59,7,5720,25,"F","norsk","Nordnorsk","norsk","norsk","master","Y",1.20487780947767
"681aecd3f6f597801652dfd9cc76aa40",294,"BF",320,1,4212,25,"F","norsk","Nordnorsk","norsk","norsk","master","Y",-1.03641465070572
"681aecd3f6f597801652dfd9cc76aa40",233,"ShortSubjectIsl",104,6,55659,25,"F","norsk","Nordnorsk","norsk","norsk","master","Y",0.831329066113775
"681aecd3f6f597801652dfd9cc76aa40",280,"BF",306,4,8873,25,"F","norsk","Nordnorsk","norsk","norsk","master","Y",0.0842315793859773
"681aecd3f6f597801652dfd9cc76aa40",153,"ShortAdjunctIsl",56,7,9609,25,"F","norsk","Nordnorsk","norsk","norsk","master","Y",1.20487780947767
"681aecd3f6f597801652dfd9cc76aa40",54,"LongFordiIsl",1,1,15155,25,"F","norsk","Nordnorsk","norsk","norsk","master","Y",-1.03641465070572
"681aecd3f6f597801652dfd9cc76aa40",16,"localTop",602,3,25946,25,"F","norsk","Nordnorsk","norsk","norsk","master","Y",-0.289317163977922
"681aecd3f6f597801652dfd9cc76aa40",159,"ShortAdjunctNoIsl",58,7,7284,25,"F","norsk","Nordnorsk","norsk","norsk","master","Y",1.20487780947767
"681aecd3f6f597801652dfd9cc76aa40",282,"BF",308,2,14106,25,"F","norsk","Nordnorsk","norsk","norsk","master","Y",-0.662865907341821
"681aecd3f6f597801652dfd9cc76aa40",228,"LongSubjectNoIsl",103,7,7019,25,"F","norsk","Nordnorsk","norsk","norsk","master","Y",1.20487780947767
"681aecd3f6f597801652dfd9cc76aa40",302,"BF",328,3,16456,25,"F","norsk","Nordnorsk","norsk","norsk","master","Y",-0.289317163977922
"681aecd3f6f597801652dfd9cc76aa40",47,"shortWhetherNoI",24,6,11539,25,"F","norsk","Nordnorsk","norsk","norsk","master","Y",0.831329066113775
"681aecd3f6f597801652dfd9cc76aa40",97,"ShortFordiIsl",13,7,7996,25,"F","norsk","Nordnorsk","norsk","norsk","master","Y",1.20487780947767
"681aecd3f6f597801652dfd9cc76aa40",313,"BF",207,1,17864,25,"F","norsk","Nordnorsk","norsk","norsk","master","Y",-1.03641465070572
"681aecd3f6f597801652dfd9cc76aa40",71,"ShortFordiNoIsl",7,7,6612,25,"F","norsk","Nordnorsk","norsk","norsk","master","Y",1.20487780947767
"681aecd3f6f597801652dfd9cc76aa40",308,"BF",202,1,5921,25,"F","norsk","Nordnorsk","norsk","norsk","master","Y",-1.03641465070572
"681aecd3f6f597801652dfd9cc76aa40",76,"LongFordiNoIsl",8,3,39148,25,"F","norsk","Nordnorsk","norsk","norsk","master","Y",-0.289317163977922
"681aecd3f6f597801652dfd9cc76aa40",299,"BF",325,1,9726,25,"F","norsk","Nordnorsk","norsk","norsk","master","Y",-1.03641465070572
"681aecd3f6f597801652dfd9cc76aa40",206,"LongAdjunctIsl",71,7,8672,25,"F","norsk","Nordnorsk","norsk","norsk","master","Y",1.20487780947767
"681aecd3f6f597801652dfd9cc76aa40",222,"LongSubjectIsl",99,1,10747,25,"F","norsk","Nordnorsk","norsk","norsk","master","Y",-1.03641465070572
"681aecd3f6f597801652dfd9cc76aa40",298,"BF",324,1,16057,25,"F","norsk","Nordnorsk","norsk","norsk","master","Y",-1.03641465070572
"681aecd3f6f597801652dfd9cc76aa40",25,"shortWhetherIsl",18,7,5188,25,"F","norsk","Nordnorsk","norsk","norsk","master","Y",1.20487780947767
"681aecd3f6f597801652dfd9cc76aa40",279,"BF",305,1,4217,25,"F","norsk","Nordnorsk","norsk","norsk","master","Y",-1.03641465070572
"681aecd3f6f597801652dfd9cc76aa40",20,"longWhetherNoI",17,7,11205,25,"F","norsk","Nordnorsk","norsk","norsk","master","Y",1.20487780947767
"681aecd3f6f597801652dfd9cc76aa40",288,"BF",314,5,8825,25,"F","norsk","Nordnorsk","norsk","norsk","master","Y",0.457780322749876
"681aecd3f6f597801652dfd9cc76aa40",30,"longWhetherIsla",19,2,9420,25,"F","norsk","Nordnorsk","norsk","norsk","master","Y",-0.662865907341821
"681aecd3f6f597801652dfd9cc76aa40",223,"ShortSubjectNoIsl",100,7,21220,25,"F","norsk","Nordnorsk","norsk","norsk","master","Y",1.20487780947767
"681aecd3f6f597801652dfd9cc76aa40",278,"BF",304,1,9372,25,"F","norsk","Nordnorsk","norsk","norsk","master","Y",-1.03641465070572
"681aecd3f6f597801652dfd9cc76aa40",148,"LongAdjunctNoIsl",55,6,28507,25,"F","norsk","Nordnorsk","norsk","norsk","master","Y",0.831329066113775
"681aecd3f6f597801652dfd9cc76aa40",287,"BF",313,1,3861,25,"F","norsk","Nordnorsk","norsk","norsk","master","Y",-1.03641465070572
"681aecd3f6f597801652dfd9cc76aa40",217,"ShortSubjectIsl",98,3,11428,25,"F","norsk","Nordnorsk","norsk","norsk","master","Y",-0.289317163977922
"681aecd3f6f597801652dfd9cc76aa40",15,"localTop",601,5,38400,25,"F","norsk","Nordnorsk","norsk","norsk","master","Y",0.457780322749876
"681aecd3f6f597801652dfd9cc76aa40",185,"ShortAdjunctIsl",64,7,9062,25,"F","norsk","Nordnorsk","norsk","norsk","master","Y",1.20487780947767
"681aecd3f6f597801652dfd9cc76aa40",295,"BF",321,1,7253,25,"F","norsk","Nordnorsk","norsk","norsk","master","Y",-1.03641465070572
"7f4297d42c6d5997095cd3474d7069db",54,"LongFordiIsl",1,1,5084,19,"F","norsk","Sunnmøre","norsk","norsk","vgs","N",-1.37717141076378
"7f4297d42c6d5997095cd3474d7069db",190,"LongAdjunctIsl",65,1,6806,19,"F","norsk","Sunnmøre","norsk","norsk","vgs","N",-1.37717141076378
"7f4297d42c6d5997095cd3474d7069db",312,"BF",206,1,5306,19,"F","norsk","Sunnmøre","norsk","norsk","vgs","N",-1.37717141076378
"7f4297d42c6d5997095cd3474d7069db",143,"ShortAdjunctNoIsl",54,4,9098,19,"F","norsk","Sunnmøre","norsk","norsk","vgs","N",-0.173130120210304
"7f4297d42c6d5997095cd3474d7069db",288,"BF",314,1,4329,19,"F","norsk","Sunnmøre","norsk","norsk","vgs","N",-1.37717141076378
"7f4297d42c6d5997095cd3474d7069db",201,"ShortAdjunctIsl",69,7,5523,19,"F","norsk","Sunnmøre","norsk","norsk","vgs","N",1.03091117034317
"7f4297d42c6d5997095cd3474d7069db",306,"BF",213,1,4531,19,"F","norsk","Sunnmøre","norsk","norsk","vgs","N",-1.37717141076378
"7f4297d42c6d5997095cd3474d7069db",148,"LongAdjunctNoIsl",55,4,7611,19,"F","norsk","Sunnmøre","norsk","norsk","vgs","N",-0.173130120210304
"7f4297d42c6d5997095cd3474d7069db",103,"ShortFordiNoIsl",15,7,6798,19,"F","norsk","Sunnmøre","norsk","norsk","vgs","N",1.03091117034317
"7f4297d42c6d5997095cd3474d7069db",299,"BF",325,1,5660,19,"F","norsk","Sunnmøre","norsk","norsk","vgs","N",-1.37717141076378
"7f4297d42c6d5997095cd3474d7069db",102,"LongFordiIsl",14,2,5156,19,"F","norsk","Sunnmøre","norsk","norsk","vgs","N",-0.975824313912622
"7f4297d42c6d5997095cd3474d7069db",283,"BF",309,1,5816,19,"F","norsk","Sunnmøre","norsk","norsk","vgs","N",-1.37717141076378
"7f4297d42c6d5997095cd3474d7069db",238,"LongSubjectIsl",106,1,4712,19,"F","norsk","Sunnmøre","norsk","norsk","vgs","N",-1.37717141076378
"7f4297d42c6d5997095cd3474d7069db",313,"BF",207,2,6025,19,"F","norsk","Sunnmøre","norsk","norsk","vgs","N",-0.975824313912622
"7f4297d42c6d5997095cd3474d7069db",249,"ShortSubjectIsl",109,5,7865,19,"F","norsk","Sunnmøre","norsk","norsk","vgs","N",0.228216976640855
"7f4297d42c6d5997095cd3474d7069db",76,"LongFordiNoIsl",8,5,8081,19,"F","norsk","Sunnmøre","norsk","norsk","vgs","N",0.228216976640855
"7f4297d42c6d5997095cd3474d7069db",291,"BF",317,1,4774,19,"F","norsk","Sunnmøre","norsk","norsk","vgs","N",-1.37717141076378
"7f4297d42c6d5997095cd3474d7069db",158,"LongAdjunctIsl",57,4,4973,19,"F","norsk","Sunnmøre","norsk","norsk","vgs","N",-0.173130120210304
"7f4297d42c6d5997095cd3474d7069db",289,"BF",315,1,4506,19,"F","norsk","Sunnmøre","norsk","norsk","vgs","N",-1.37717141076378
"7f4297d42c6d5997095cd3474d7069db",271,"ShortSubjectNoIsl",120,7,5294,19,"F","norsk","Sunnmøre","norsk","norsk","vgs","N",1.03091117034317
"7f4297d42c6d5997095cd3474d7069db",284,"BF",310,2,4453,19,"F","norsk","Sunnmøre","norsk","norsk","vgs","N",-0.975824313912622
"7f4297d42c6d5997095cd3474d7069db",81,"ShortFordiIsl",9,7,5277,19,"F","norsk","Sunnmøre","norsk","norsk","vgs","N",1.03091117034317
"7f4297d42c6d5997095cd3474d7069db",207,"ShortAdjunctNoIsl",72,7,3873,19,"F","norsk","Sunnmøre","norsk","norsk","vgs","N",1.03091117034317
"7f4297d42c6d5997095cd3474d7069db",290,"BF",316,1,3986,19,"F","norsk","Sunnmøre","norsk","norsk","vgs","N",-1.37717141076378
"7f4297d42c6d5997095cd3474d7069db",137,"ShortAdjunctIsl",52,7,4906,19,"F","norsk","Sunnmøre","norsk","norsk","vgs","N",1.03091117034317
"7f4297d42c6d5997095cd3474d7069db",18,"localTop",604,7,5540,19,"F","norsk","Sunnmøre","norsk","norsk","vgs","N",1.03091117034317
"7f4297d42c6d5997095cd3474d7069db",244,"LongSubjectNoIsl",108,7,5682,19,"F","norsk","Sunnmøre","norsk","norsk","vgs","N",1.03091117034317
"7f4297d42c6d5997095cd3474d7069db",281,"BF",307,1,4270,19,"F","norsk","Sunnmøre","norsk","norsk","vgs","N",-1.37717141076378
"7f4297d42c6d5997095cd3474d7069db",132,"LongAdjunctNoIsl",50,7,5077,19,"F","norsk","Sunnmøre","norsk","norsk","vgs","N",1.03091117034317
"7f4297d42c6d5997095cd3474d7069db",41,"shortWhetherIsl",22,7,4400,19,"F","norsk","Sunnmøre","norsk","norsk","vgs","N",1.03091117034317
"7f4297d42c6d5997095cd3474d7069db",297,"BF",323,3,4562,19,"F","norsk","Sunnmøre","norsk","norsk","vgs","N",-0.574477217061463
"7f4297d42c6d5997095cd3474d7069db",87,"ShortFordiNoIsl",11,7,4294,19,"F","norsk","Sunnmøre","norsk","norsk","vgs","N",1.03091117034317
"7f4297d42c6d5997095cd3474d7069db",295,"BF",321,1,5001,19,"F","norsk","Sunnmøre","norsk","norsk","vgs","N",-1.37717141076378
"7f4297d42c6d5997095cd3474d7069db",86,"LongFordiIsl",10,4,14772,19,"F","norsk","Sunnmøre","norsk","norsk","vgs","N",-0.173130120210304
"7f4297d42c6d5997095cd3474d7069db",310,"BF",204,2,5344,19,"F","norsk","Sunnmøre","norsk","norsk","vgs","N",-0.975824313912622
"7f4297d42c6d5997095cd3474d7069db",254,"LongSubjectIsl",110,1,6436,19,"F","norsk","Sunnmøre","norsk","norsk","vgs","N",-1.37717141076378
"7f4297d42c6d5997095cd3474d7069db",217,"ShortSubjectIsl",98,7,4204,19,"F","norsk","Sunnmøre","norsk","norsk","vgs","N",1.03091117034317
"7f4297d42c6d5997095cd3474d7069db",302,"BF",328,5,7166,19,"F","norsk","Sunnmøre","norsk","norsk","vgs","N",0.228216976640855
"7f4297d42c6d5997095cd3474d7069db",31,"shortWhetherNoI",20,7,4419,19,"F","norsk","Sunnmøre","norsk","norsk","vgs","N",1.03091117034317
"7f4297d42c6d5997095cd3474d7069db",294,"BF",320,2,5623,19,"F","norsk","Sunnmøre","norsk","norsk","vgs","N",-0.975824313912622
"7f4297d42c6d5997095cd3474d7069db",108,"LongFordiNoIsl",17,7,4662,19,"F","norsk","Sunnmøre","norsk","norsk","vgs","N",1.03091117034317
"7f4297d42c6d5997095cd3474d7069db",279,"BF",305,7,2938,19,"F","norsk","Sunnmøre","norsk","norsk","vgs","N",1.03091117034317
"7f4297d42c6d5997095cd3474d7069db",174,"LongAdjunctIsl",61,6,4846,19,"F","norsk","Sunnmøre","norsk","norsk","vgs","N",0.629564073492014
"7f4297d42c6d5997095cd3474d7069db",255,"ShortSubjectNoIsl",113,7,4851,19,"F","norsk","Sunnmøre","norsk","norsk","vgs","N",1.03091117034317
"7f4297d42c6d5997095cd3474d7069db",278,"BF",304,1,3112,19,"F","norsk","Sunnmøre","norsk","norsk","vgs","N",-1.37717141076378
"7f4297d42c6d5997095cd3474d7069db",159,"ShortAdjunctNoIsl",58,7,5037,19,"F","norsk","Sunnmøre","norsk","norsk","vgs","N",1.03091117034317
"7f4297d42c6d5997095cd3474d7069db",292,"BF",318,1,4213,19,"F","norsk","Sunnmøre","norsk","norsk","vgs","N",-1.37717141076378
"7f4297d42c6d5997095cd3474d7069db",153,"ShortAdjunctIsl",56,7,5927,19,"F","norsk","Sunnmøre","norsk","norsk","vgs","N",1.03091117034317
"7f4297d42c6d5997095cd3474d7069db",17,"localTop",603,3,6329,19,"F","norsk","Sunnmøre","norsk","norsk","vgs","N",-0.574477217061463
"7f4297d42c6d5997095cd3474d7069db",212,"LongSubjectNoIsl",97,7,5088,19,"F","norsk","Sunnmøre","norsk","norsk","vgs","N",1.03091117034317
"7f4297d42c6d5997095cd3474d7069db",164,"LongAdjunctNoIsl",59,7,4539,19,"F","norsk","Sunnmøre","norsk","norsk","vgs","N",1.03091117034317
"7f4297d42c6d5997095cd3474d7069db",305,"BF",332,2,6473,19,"F","norsk","Sunnmøre","norsk","norsk","vgs","N",-0.975824313912622
"7f4297d42c6d5997095cd3474d7069db",55,"ShortFordiNoIsl",2,7,4414,19,"F","norsk","Sunnmøre","norsk","norsk","vgs","N",1.03091117034317
"7f4297d42c6d5997095cd3474d7069db",293,"BF",319,2,4690,19,"F","norsk","Sunnmøre","norsk","norsk","vgs","N",-0.975824313912622
"7f4297d42c6d5997095cd3474d7069db",70,"LongFordiIsl",6,7,5789,19,"F","norsk","Sunnmøre","norsk","norsk","vgs","N",1.03091117034317
"7f4297d42c6d5997095cd3474d7069db",296,"BF",322,3,8225,19,"F","norsk","Sunnmøre","norsk","norsk","vgs","N",-0.574477217061463
"7f4297d42c6d5997095cd3474d7069db",270,"LongSubjectIsl",118,2,6031,19,"F","norsk","Sunnmøre","norsk","norsk","vgs","N",-0.975824313912622
"7f4297d42c6d5997095cd3474d7069db",276,"BF",302,3,6731,19,"F","norsk","Sunnmøre","norsk","norsk","vgs","N",-0.574477217061463
"7f4297d42c6d5997095cd3474d7069db",233,"ShortSubjectIsl",104,7,5103,19,"F","norsk","Sunnmøre","norsk","norsk","vgs","N",1.03091117034317
"7f4297d42c6d5997095cd3474d7069db",60,"LongFordiNoIsl",3,7,5811,19,"F","norsk","Sunnmøre","norsk","norsk","vgs","N",1.03091117034317
"7f4297d42c6d5997095cd3474d7069db",285,"BF",311,1,4569,19,"F","norsk","Sunnmøre","norsk","norsk","vgs","N",-1.37717141076378
"7f4297d42c6d5997095cd3474d7069db",142,"LongAdjunctIsl",53,7,3551,19,"F","norsk","Sunnmøre","norsk","norsk","vgs","N",1.03091117034317
"7f4297d42c6d5997095cd3474d7069db",277,"BF",303,7,4750,19,"F","norsk","Sunnmøre","norsk","norsk","vgs","N",1.03091117034317
"7f4297d42c6d5997095cd3474d7069db",223,"ShortSubjectNoIsl",100,7,5130,19,"F","norsk","Sunnmøre","norsk","norsk","vgs","N",1.03091117034317
"7f4297d42c6d5997095cd3474d7069db",301,"BF",327,5,5259,19,"F","norsk","Sunnmøre","norsk","norsk","vgs","N",0.228216976640855
"7f4297d42c6d5997095cd3474d7069db",97,"ShortFordiIsl",13,6,5754,19,"F","norsk","Sunnmøre","norsk","norsk","vgs","N",0.629564073492014
"7f4297d42c6d5997095cd3474d7069db",175,"ShortAdjunctNoIsl",62,7,6098,19,"F","norsk","Sunnmøre","norsk","norsk","vgs","N",1.03091117034317
"7f4297d42c6d5997095cd3474d7069db",280,"BF",306,5,5385,19,"F","norsk","Sunnmøre","norsk","norsk","vgs","N",0.228216976640855
"7f4297d42c6d5997095cd3474d7069db",185,"ShortAdjunctIsl",64,7,6978,19,"F","norsk","Sunnmøre","norsk","norsk","vgs","N",1.03091117034317
"7f4297d42c6d5997095cd3474d7069db",311,"BF",205,2,5324,19,"F","norsk","Sunnmøre","norsk","norsk","vgs","N",-0.975824313912622
"7f4297d42c6d5997095cd3474d7069db",260,"LongSubjectNoIsl",116,7,6017,19,"F","norsk","Sunnmøre","norsk","norsk","vgs","N",1.03091117034317
"7f4297d42c6d5997095cd3474d7069db",314,"BF",208,4,5841,19,"F","norsk","Sunnmøre","norsk","norsk","vgs","N",-0.173130120210304
"7f4297d42c6d5997095cd3474d7069db",180,"LongAdjunctNoIsl",63,7,5538,19,"F","norsk","Sunnmøre","norsk","norsk","vgs","N",1.03091117034317
"7f4297d42c6d5997095cd3474d7069db",46,"longWhetherIsla",23,5,4156,19,"F","norsk","Sunnmøre","norsk","norsk","vgs","N",0.228216976640855
"7f4297d42c6d5997095cd3474d7069db",16,"localTop",602,3,4668,19,"F","norsk","Sunnmøre","norsk","norsk","vgs","N",-0.574477217061463
"7f4297d42c6d5997095cd3474d7069db",25,"shortWhetherIsl",18,6,3774,19,"F","norsk","Sunnmøre","norsk","norsk","vgs","N",0.629564073492014
"7f4297d42c6d5997095cd3474d7069db",275,"BF",301,1,2905,19,"F","norsk","Sunnmøre","norsk","norsk","vgs","N",-1.37717141076378
"7f4297d42c6d5997095cd3474d7069db",71,"ShortFordiNoIsl",7,7,5344,19,"F","norsk","Sunnmøre","norsk","norsk","vgs","N",1.03091117034317
"7f4297d42c6d5997095cd3474d7069db",309,"BF",203,4,4741,19,"F","norsk","Sunnmøre","norsk","norsk","vgs","N",-0.173130120210304
"7f4297d42c6d5997095cd3474d7069db",114,"LongFordiIsl",19,7,5727,19,"F","norsk","Sunnmøre","norsk","norsk","vgs","N",1.03091117034317
"7f4297d42c6d5997095cd3474d7069db",222,"LongSubjectIsl",99,1,5497,19,"F","norsk","Sunnmøre","norsk","norsk","vgs","N",-1.37717141076378
"7f4297d42c6d5997095cd3474d7069db",298,"BF",324,2,7386,19,"F","norsk","Sunnmøre","norsk","norsk","vgs","N",-0.975824313912622
"7f4297d42c6d5997095cd3474d7069db",265,"ShortSubjectIsl",117,7,4545,19,"F","norsk","Sunnmøre","norsk","norsk","vgs","N",1.03091117034317
"7f4297d42c6d5997095cd3474d7069db",308,"BF",202,3,4728,19,"F","norsk","Sunnmøre","norsk","norsk","vgs","N",-0.574477217061463
"7f4297d42c6d5997095cd3474d7069db",47,"shortWhetherNoI",24,7,3899,19,"F","norsk","Sunnmøre","norsk","norsk","vgs","N",1.03091117034317
"7f4297d42c6d5997095cd3474d7069db",286,"BF",312,3,7852,19,"F","norsk","Sunnmøre","norsk","norsk","vgs","N",-0.574477217061463
"7f4297d42c6d5997095cd3474d7069db",92,"LongFordiNoIsl",12,5,4637,19,"F","norsk","Sunnmøre","norsk","norsk","vgs","N",0.228216976640855
"7f4297d42c6d5997095cd3474d7069db",206,"LongAdjunctIsl",71,6,4136,19,"F","norsk","Sunnmøre","norsk","norsk","vgs","N",0.629564073492014
"7f4297d42c6d5997095cd3474d7069db",300,"BF",326,3,5108,19,"F","norsk","Sunnmøre","norsk","norsk","vgs","N",-0.574477217061463
"7f4297d42c6d5997095cd3474d7069db",239,"ShortSubjectNoIsl",107,7,7818,19,"F","norsk","Sunnmøre","norsk","norsk","vgs","N",1.03091117034317
"7f4297d42c6d5997095cd3474d7069db",307,"BF",201,2,4062,19,"F","norsk","Sunnmøre","norsk","norsk","vgs","N",-0.975824313912622
"7f4297d42c6d5997095cd3474d7069db",65,"ShortFordiIsl",4,7,4092,19,"F","norsk","Sunnmøre","norsk","norsk","vgs","N",1.03091117034317
"7f4297d42c6d5997095cd3474d7069db",303,"BF",329,2,3516,19,"F","norsk","Sunnmøre","norsk","norsk","vgs","N",-0.975824313912622
"7f4297d42c6d5997095cd3474d7069db",191,"ShortAdjunctNoIsl",66,7,4173,19,"F","norsk","Sunnmøre","norsk","norsk","vgs","N",1.03091117034317
"7f4297d42c6d5997095cd3474d7069db",169,"ShortAdjunctIsl",60,7,2682,19,"F","norsk","Sunnmøre","norsk","norsk","vgs","N",1.03091117034317
"7f4297d42c6d5997095cd3474d7069db",287,"BF",313,1,2606,19,"F","norsk","Sunnmøre","norsk","norsk","vgs","N",-1.37717141076378
"7f4297d42c6d5997095cd3474d7069db",228,"LongSubjectNoIsl",103,7,2431,19,"F","norsk","Sunnmøre","norsk","norsk","vgs","N",1.03091117034317
"7f4297d42c6d5997095cd3474d7069db",304,"BF",331,1,3317,19,"F","norsk","Sunnmøre","norsk","norsk","vgs","N",-1.37717141076378
"7f4297d42c6d5997095cd3474d7069db",36,"longWhetherNoI",21,5,2665,19,"F","norsk","Sunnmøre","norsk","norsk","vgs","N",0.228216976640855
"7f4297d42c6d5997095cd3474d7069db",15,"localTop",601,7,3675,19,"F","norsk","Sunnmøre","norsk","norsk","vgs","N",1.03091117034317
"7f4297d42c6d5997095cd3474d7069db",196,"LongAdjunctNoIsl",68,6,3676,19,"F","norsk","Sunnmøre","norsk","norsk","vgs","N",0.629564073492014
"7f4297d42c6d5997095cd3474d7069db",282,"BF",308,2,2798,19,"F","norsk","Sunnmøre","norsk","norsk","vgs","N",-0.975824313912622
"80c2168942d15901057c5a20cbdb0dd6",84,"LongFordiNoIsl",10,5,14595,26,"F","norsk","Sør-Trøndelag","norsk","norsk","ToårigFagskole","Y",0.886068855275621
"80c2168942d15901057c5a20cbdb0dd6",134,"LongAdjunctIsl",50,6,49751,26,"F","norsk","Sør-Trøndelag","norsk","norsk","ToårigFagskole","Y",1.44054139047877
"80c2168942d15901057c5a20cbdb0dd6",275,"BF",301,1,8088,26,"F","norsk","Sør-Trøndelag","norsk","norsk","ToårigFagskole","Y",-1.33182128553698
"80c2168942d15901057c5a20cbdb0dd6",135,"ShortAdjunctNoIsl",52,6,24411,26,"F","norsk","Sør-Trøndelag","norsk","norsk","ToårigFagskole","Y",1.44054139047877
"80c2168942d15901057c5a20cbdb0dd6",303,"BF",329,1,7700,26,"F","norsk","Sør-Trøndelag","norsk","norsk","ToårigFagskole","Y",-1.33182128553698
"80c2168942d15901057c5a20cbdb0dd6",177,"ShortAdjunctIsl",62,3,44699,26,"F","norsk","Sør-Trøndelag","norsk","norsk","ToårigFagskole","Y",-0.222876215130678
"80c2168942d15901057c5a20cbdb0dd6",285,"BF",311,3,27563,26,"F","norsk","Sør-Trøndelag","norsk","norsk","ToårigFagskole","Y",-0.222876215130678
"80c2168942d15901057c5a20cbdb0dd6",140,"LongAdjunctNoIsl",53,4,43075,26,"F","norsk","Sør-Trøndelag","norsk","norsk","ToårigFagskole","Y",0.331596320072472
"80c2168942d15901057c5a20cbdb0dd6",68,"LongFordiNoIsl",6,3,14999,26,"F","norsk","Sør-Trøndelag","norsk","norsk","ToårigFagskole","Y",-0.222876215130678
"80c2168942d15901057c5a20cbdb0dd6",293,"BF",319,1,6353,26,"F","norsk","Sør-Trøndelag","norsk","norsk","ToårigFagskole","Y",-1.33182128553698
"80c2168942d15901057c5a20cbdb0dd6",214,"LongSubjectIsl",97,2,11283,26,"F","norsk","Sør-Trøndelag","norsk","norsk","ToårigFagskole","Y",-0.777348750333827
"80c2168942d15901057c5a20cbdb0dd6",306,"BF",213,1,12502,26,"F","norsk","Sør-Trøndelag","norsk","norsk","ToårigFagskole","Y",-1.33182128553698
"80c2168942d15901057c5a20cbdb0dd6",225,"ShortSubjectIsl",100,5,24706,26,"F","norsk","Sør-Trøndelag","norsk","norsk","ToårigFagskole","Y",0.886068855275621
"80c2168942d15901057c5a20cbdb0dd6",283,"BF",309,1,7912,26,"F","norsk","Sør-Trøndelag","norsk","norsk","ToårigFagskole","Y",-1.33182128553698
"80c2168942d15901057c5a20cbdb0dd6",182,"LongAdjunctIsl",63,2,21182,26,"F","norsk","Sør-Trøndelag","norsk","norsk","ToårigFagskole","Y",-0.777348750333827
"80c2168942d15901057c5a20cbdb0dd6",79,"ShortFordiNoIsl",9,6,66141,26,"F","norsk","Sør-Trøndelag","norsk","norsk","ToårigFagskole","Y",1.44054139047877
"80c2168942d15901057c5a20cbdb0dd6",290,"BF",316,1,9211,26,"F","norsk","Sør-Trøndelag","norsk","norsk","ToårigFagskole","Y",-1.33182128553698
"80c2168942d15901057c5a20cbdb0dd6",215,"ShortSubjectNoIsl",98,4,16593,26,"F","norsk","Sør-Trøndelag","norsk","norsk","ToårigFagskole","Y",0.331596320072472
"80c2168942d15901057c5a20cbdb0dd6",310,"BF",204,2,7555,26,"F","norsk","Sør-Trøndelag","norsk","norsk","ToårigFagskole","Y",-0.777348750333827
"80c2168942d15901057c5a20cbdb0dd6",220,"LongSubjectNoIsl",99,4,38119,26,"F","norsk","Sør-Trøndelag","norsk","norsk","ToårigFagskole","Y",0.331596320072472
"80c2168942d15901057c5a20cbdb0dd6",282,"BF",308,2,7682,26,"F","norsk","Sør-Trøndelag","norsk","norsk","ToårigFagskole","Y",-0.777348750333827
"80c2168942d15901057c5a20cbdb0dd6",105,"ShortFordiIsl",15,6,22805,26,"F","norsk","Sør-Trøndelag","norsk","norsk","ToårigFagskole","Y",1.44054139047877
"80c2168942d15901057c5a20cbdb0dd6",167,"ShortAdjunctNoIsl",60,6,8636,26,"F","norsk","Sør-Trøndelag","norsk","norsk","ToårigFagskole","Y",1.44054139047877
"80c2168942d15901057c5a20cbdb0dd6",304,"BF",331,2,7277,26,"F","norsk","Sør-Trøndelag","norsk","norsk","ToårigFagskole","Y",-0.777348750333827
"80c2168942d15901057c5a20cbdb0dd6",193,"ShortAdjunctIsl",66,4,11764,26,"F","norsk","Sør-Trøndelag","norsk","norsk","ToårigFagskole","Y",0.331596320072472
"80c2168942d15901057c5a20cbdb0dd6",17,"localTop",603,1,6386,26,"F","norsk","Sør-Trøndelag","norsk","norsk","ToårigFagskole","Y",-1.33182128553698
"80c2168942d15901057c5a20cbdb0dd6",62,"LongFordiIsl",3,1,8559,26,"F","norsk","Sør-Trøndelag","norsk","norsk","ToårigFagskole","Y",-1.33182128553698
"80c2168942d15901057c5a20cbdb0dd6",278,"BF",304,1,5793,26,"F","norsk","Sør-Trøndelag","norsk","norsk","ToårigFagskole","Y",-1.33182128553698
"80c2168942d15901057c5a20cbdb0dd6",156,"LongAdjunctNoIsl",57,6,26793,26,"F","norsk","Sør-Trøndelag","norsk","norsk","ToårigFagskole","Y",1.44054139047877
"80c2168942d15901057c5a20cbdb0dd6",52,"LongFordiNoIsl",1,6,11201,26,"F","norsk","Sør-Trøndelag","norsk","norsk","ToårigFagskole","Y",1.44054139047877
"80c2168942d15901057c5a20cbdb0dd6",296,"BF",322,1,6693,26,"F","norsk","Sør-Trøndelag","norsk","norsk","ToårigFagskole","Y",-1.33182128553698
"80c2168942d15901057c5a20cbdb0dd6",262,"LongSubjectIsl",116,2,72348,26,"F","norsk","Sør-Trøndelag","norsk","norsk","ToårigFagskole","Y",-0.777348750333827
"80c2168942d15901057c5a20cbdb0dd6",299,"BF",325,1,18338,26,"F","norsk","Sør-Trøndelag","norsk","norsk","ToårigFagskole","Y",-1.33182128553698
"80c2168942d15901057c5a20cbdb0dd6",257,"ShortSubjectIsl",113,6,12267,26,"F","norsk","Sør-Trøndelag","norsk","norsk","ToårigFagskole","Y",1.44054139047877
"80c2168942d15901057c5a20cbdb0dd6",309,"BF",203,2,9053,26,"F","norsk","Sør-Trøndelag","norsk","norsk","ToårigFagskole","Y",-0.777348750333827
"80c2168942d15901057c5a20cbdb0dd6",166,"LongAdjunctIsl",59,2,7455,26,"F","norsk","Sør-Trøndelag","norsk","norsk","ToårigFagskole","Y",-0.777348750333827
"80c2168942d15901057c5a20cbdb0dd6",123,"ShortFordiNoIsl",22,6,9590,26,"F","norsk","Sør-Trøndelag","norsk","norsk","ToårigFagskole","Y",1.44054139047877
"80c2168942d15901057c5a20cbdb0dd6",286,"BF",312,4,17190,26,"F","norsk","Sør-Trøndelag","norsk","norsk","ToårigFagskole","Y",0.331596320072472
"80c2168942d15901057c5a20cbdb0dd6",263,"ShortSubjectNoIsl",117,6,28238,26,"F","norsk","Sør-Trøndelag","norsk","norsk","ToårigFagskole","Y",1.44054139047877
"80c2168942d15901057c5a20cbdb0dd6",276,"BF",302,1,3906,26,"F","norsk","Sør-Trøndelag","norsk","norsk","ToårigFagskole","Y",-1.33182128553698
"80c2168942d15901057c5a20cbdb0dd6",236,"LongSubjectNoIsl",106,2,7473,26,"F","norsk","Sør-Trøndelag","norsk","norsk","ToårigFagskole","Y",-0.777348750333827
"80c2168942d15901057c5a20cbdb0dd6",291,"BF",317,2,6323,26,"F","norsk","Sør-Trøndelag","norsk","norsk","ToårigFagskole","Y",-0.777348750333827
"80c2168942d15901057c5a20cbdb0dd6",89,"ShortFordiIsl",11,4,11112,26,"F","norsk","Sør-Trøndelag","norsk","norsk","ToårigFagskole","Y",0.331596320072472
"80c2168942d15901057c5a20cbdb0dd6",199,"ShortAdjunctNoIsl",69,6,8273,26,"F","norsk","Sør-Trøndelag","norsk","norsk","ToårigFagskole","Y",1.44054139047877
"80c2168942d15901057c5a20cbdb0dd6",292,"BF",318,2,9418,26,"F","norsk","Sør-Trøndelag","norsk","norsk","ToårigFagskole","Y",-0.777348750333827
"80c2168942d15901057c5a20cbdb0dd6",161,"ShortAdjunctIsl",58,5,13548,26,"F","norsk","Sør-Trøndelag","norsk","norsk","ToårigFagskole","Y",0.886068855275621
"80c2168942d15901057c5a20cbdb0dd6",287,"BF",313,1,7128,26,"F","norsk","Sør-Trøndelag","norsk","norsk","ToårigFagskole","Y",-1.33182128553698
"80c2168942d15901057c5a20cbdb0dd6",78,"LongFordiIsl",8,2,21833,26,"F","norsk","Sør-Trøndelag","norsk","norsk","ToårigFagskole","Y",-0.777348750333827
"80c2168942d15901057c5a20cbdb0dd6",16,"localTop",602,2,15452,26,"F","norsk","Sør-Trøndelag","norsk","norsk","ToårigFagskole","Y",-0.777348750333827
"80c2168942d15901057c5a20cbdb0dd6",49,"shortWhetherIsl",24,5,7256,26,"F","norsk","Sør-Trøndelag","norsk","norsk","ToårigFagskole","Y",0.886068855275621
"80c2168942d15901057c5a20cbdb0dd6",204,"LongAdjunctNoIsl",71,2,19363,26,"F","norsk","Sør-Trøndelag","norsk","norsk","ToårigFagskole","Y",-0.777348750333827
"80c2168942d15901057c5a20cbdb0dd6",301,"BF",327,6,9256,26,"F","norsk","Sør-Trøndelag","norsk","norsk","ToårigFagskole","Y",1.44054139047877
"80c2168942d15901057c5a20cbdb0dd6",100,"LongFordiNoIsl",14,6,17080,26,"F","norsk","Sør-Trøndelag","norsk","norsk","ToårigFagskole","Y",1.44054139047877
"80c2168942d15901057c5a20cbdb0dd6",288,"BF",314,2,9385,26,"F","norsk","Sør-Trøndelag","norsk","norsk","ToårigFagskole","Y",-0.777348750333827
"80c2168942d15901057c5a20cbdb0dd6",246,"LongSubjectIsl",108,2,15550,26,"F","norsk","Sør-Trøndelag","norsk","norsk","ToårigFagskole","Y",-0.777348750333827
"80c2168942d15901057c5a20cbdb0dd6",314,"BF",208,2,7205,26,"F","norsk","Sør-Trøndelag","norsk","norsk","ToårigFagskole","Y",-0.777348750333827
"80c2168942d15901057c5a20cbdb0dd6",241,"ShortSubjectIsl",107,5,7644,26,"F","norsk","Sør-Trøndelag","norsk","norsk","ToårigFagskole","Y",0.886068855275621
"80c2168942d15901057c5a20cbdb0dd6",281,"BF",307,2,7000,26,"F","norsk","Sør-Trøndelag","norsk","norsk","ToårigFagskole","Y",-0.777348750333827
"80c2168942d15901057c5a20cbdb0dd6",150,"LongAdjunctIsl",55,2,14190,26,"F","norsk","Sør-Trøndelag","norsk","norsk","ToårigFagskole","Y",-0.777348750333827
"80c2168942d15901057c5a20cbdb0dd6",95,"ShortFordiNoIsl",13,6,12750,26,"F","norsk","Sør-Trøndelag","norsk","norsk","ToårigFagskole","Y",1.44054139047877
"80c2168942d15901057c5a20cbdb0dd6",308,"BF",202,2,6402,26,"F","norsk","Sør-Trøndelag","norsk","norsk","ToårigFagskole","Y",-0.777348750333827
"80c2168942d15901057c5a20cbdb0dd6",247,"ShortSubjectNoIsl",109,4,11314,26,"F","norsk","Sør-Trøndelag","norsk","norsk","ToårigFagskole","Y",0.331596320072472
"80c2168942d15901057c5a20cbdb0dd6",297,"BF",323,4,5049,26,"F","norsk","Sør-Trøndelag","norsk","norsk","ToårigFagskole","Y",0.331596320072472
"80c2168942d15901057c5a20cbdb0dd6",252,"LongSubjectNoIsl",110,4,20120,26,"F","norsk","Sør-Trøndelag","norsk","norsk","ToårigFagskole","Y",0.331596320072472
"80c2168942d15901057c5a20cbdb0dd6",277,"BF",303,4,7092,26,"F","norsk","Sør-Trøndelag","norsk","norsk","ToårigFagskole","Y",0.331596320072472
"80c2168942d15901057c5a20cbdb0dd6",57,"ShortFordiIsl",2,6,10446,26,"F","norsk","Sør-Trøndelag","norsk","norsk","ToårigFagskole","Y",1.44054139047877
"80c2168942d15901057c5a20cbdb0dd6",183,"ShortAdjunctNoIsl",64,6,12630,26,"F","norsk","Sør-Trøndelag","norsk","norsk","ToårigFagskole","Y",1.44054139047877
"80c2168942d15901057c5a20cbdb0dd6",313,"BF",207,2,7230,26,"F","norsk","Sør-Trøndelag","norsk","norsk","ToårigFagskole","Y",-0.777348750333827
"80c2168942d15901057c5a20cbdb0dd6",209,"ShortAdjunctIsl",72,6,8027,26,"F","norsk","Sør-Trøndelag","norsk","norsk","ToårigFagskole","Y",1.44054139047877
"80c2168942d15901057c5a20cbdb0dd6",280,"BF",306,4,15390,26,"F","norsk","Sør-Trøndelag","norsk","norsk","ToårigFagskole","Y",0.331596320072472
"80c2168942d15901057c5a20cbdb0dd6",110,"LongFordiIsl",17,2,8097,26,"F","norsk","Sør-Trøndelag","norsk","norsk","ToårigFagskole","Y",-0.777348750333827
"80c2168942d15901057c5a20cbdb0dd6",295,"BF",321,2,5725,26,"F","norsk","Sør-Trøndelag","norsk","norsk","ToårigFagskole","Y",-0.777348750333827
"80c2168942d15901057c5a20cbdb0dd6",188,"LongAdjunctNoIsl",65,4,14973,26,"F","norsk","Sør-Trøndelag","norsk","norsk","ToårigFagskole","Y",0.331596320072472
"80c2168942d15901057c5a20cbdb0dd6",128,"LongFordiNoIsl",23,6,6891,26,"F","norsk","Sør-Trøndelag","norsk","norsk","ToårigFagskole","Y",1.44054139047877
"80c2168942d15901057c5a20cbdb0dd6",15,"localTop",601,6,11038,26,"F","norsk","Sør-Trøndelag","norsk","norsk","ToårigFagskole","Y",1.44054139047877
"80c2168942d15901057c5a20cbdb0dd6",230,"LongSubjectIsl",103,4,10052,26,"F","norsk","Sør-Trøndelag","norsk","norsk","ToårigFagskole","Y",0.331596320072472
"80c2168942d15901057c5a20cbdb0dd6",305,"BF",332,2,11580,26,"F","norsk","Sør-Trøndelag","norsk","norsk","ToårigFagskole","Y",-0.777348750333827
"80c2168942d15901057c5a20cbdb0dd6",273,"ShortSubjectIsl",120,6,8039,26,"F","norsk","Sør-Trøndelag","norsk","norsk","ToårigFagskole","Y",1.44054139047877
"80c2168942d15901057c5a20cbdb0dd6",311,"BF",205,2,57860,26,"F","norsk","Sør-Trøndelag","norsk","norsk","ToårigFagskole","Y",-0.777348750333827
"80c2168942d15901057c5a20cbdb0dd6",198,"LongAdjunctIsl",68,2,13030,26,"F","norsk","Sør-Trøndelag","norsk","norsk","ToårigFagskole","Y",-0.777348750333827
"80c2168942d15901057c5a20cbdb0dd6",63,"ShortFordiNoIsl",4,4,28031,26,"F","norsk","Sør-Trøndelag","norsk","norsk","ToårigFagskole","Y",0.331596320072472
"80c2168942d15901057c5a20cbdb0dd6",294,"BF",320,2,8526,26,"F","norsk","Sør-Trøndelag","norsk","norsk","ToårigFagskole","Y",-0.777348750333827
"80c2168942d15901057c5a20cbdb0dd6",231,"ShortSubjectNoIsl",104,6,36887,26,"F","norsk","Sør-Trøndelag","norsk","norsk","ToårigFagskole","Y",1.44054139047877
"80c2168942d15901057c5a20cbdb0dd6",298,"BF",324,2,5025,26,"F","norsk","Sør-Trøndelag","norsk","norsk","ToårigFagskole","Y",-0.777348750333827
"80c2168942d15901057c5a20cbdb0dd6",28,"longWhetherNoI",19,4,7659,26,"F","norsk","Sør-Trøndelag","norsk","norsk","ToårigFagskole","Y",0.331596320072472
"80c2168942d15901057c5a20cbdb0dd6",307,"BF",201,2,5592,26,"F","norsk","Sør-Trøndelag","norsk","norsk","ToårigFagskole","Y",-0.777348750333827
"80c2168942d15901057c5a20cbdb0dd6",268,"LongSubjectNoIsl",118,4,48646,26,"F","norsk","Sør-Trøndelag","norsk","norsk","ToårigFagskole","Y",0.331596320072472
"80c2168942d15901057c5a20cbdb0dd6",73,"ShortFordiIsl",7,6,7483,26,"F","norsk","Sør-Trøndelag","norsk","norsk","ToårigFagskole","Y",1.44054139047877
"80c2168942d15901057c5a20cbdb0dd6",302,"BF",328,4,21325,26,"F","norsk","Sør-Trøndelag","norsk","norsk","ToårigFagskole","Y",0.331596320072472
"80c2168942d15901057c5a20cbdb0dd6",151,"ShortAdjunctNoIsl",56,6,7829,26,"F","norsk","Sør-Trøndelag","norsk","norsk","ToårigFagskole","Y",1.44054139047877
"80c2168942d15901057c5a20cbdb0dd6",300,"BF",326,2,12172,26,"F","norsk","Sør-Trøndelag","norsk","norsk","ToårigFagskole","Y",-0.777348750333827
"80c2168942d15901057c5a20cbdb0dd6",145,"ShortAdjunctIsl",54,4,40688,26,"F","norsk","Sør-Trøndelag","norsk","norsk","ToårigFagskole","Y",0.331596320072472
"80c2168942d15901057c5a20cbdb0dd6",289,"BF",315,2,11796,26,"F","norsk","Sør-Trøndelag","norsk","norsk","ToårigFagskole","Y",-0.777348750333827
"80c2168942d15901057c5a20cbdb0dd6",94,"LongFordiIsl",12,2,8843,26,"F","norsk","Sør-Trøndelag","norsk","norsk","ToårigFagskole","Y",-0.777348750333827
"80c2168942d15901057c5a20cbdb0dd6",23,"shortWhetherNoI",18,6,14727,26,"F","norsk","Sør-Trøndelag","norsk","norsk","ToårigFagskole","Y",1.44054139047877
"80c2168942d15901057c5a20cbdb0dd6",279,"BF",305,2,7901,26,"F","norsk","Sør-Trøndelag","norsk","norsk","ToårigFagskole","Y",-0.777348750333827
"80c2168942d15901057c5a20cbdb0dd6",38,"longWhetherIsla",21,2,25128,26,"F","norsk","Sør-Trøndelag","norsk","norsk","ToårigFagskole","Y",-0.777348750333827
"80c2168942d15901057c5a20cbdb0dd6",312,"BF",206,2,9487,26,"F","norsk","Sør-Trøndelag","norsk","norsk","ToårigFagskole","Y",-0.777348750333827
"80c2168942d15901057c5a20cbdb0dd6",33,"shortWhetherIsl",20,4,20291,26,"F","norsk","Sør-Trøndelag","norsk","norsk","ToårigFagskole","Y",0.331596320072472
"80c2168942d15901057c5a20cbdb0dd6",18,"localTop",604,4,12929,26,"F","norsk","Sør-Trøndelag","norsk","norsk","ToårigFagskole","Y",0.331596320072472
"80c2168942d15901057c5a20cbdb0dd6",172,"LongAdjunctNoIsl",61,4,6987,26,"F","norsk","Sør-Trøndelag","norsk","norsk","ToårigFagskole","Y",0.331596320072472
"80c2168942d15901057c5a20cbdb0dd6",284,"BF",310,2,10165,26,"F","norsk","Sør-Trøndelag","norsk","norsk","ToårigFagskole","Y",-0.777348750333827
"84d7221d8b939943e4131e1aaf91c23a",142,"LongAdjunctIsl",53,5,13349,45,"F","norsk","Bergensk","norsk","norsk","BA","Y",0.410041540031982
"84d7221d8b939943e4131e1aaf91c23a",283,"BF",309,1,7519,45,"F","norsk","Bergensk","norsk","norsk","BA","Y",-1.2463638890081
"84d7221d8b939943e4131e1aaf91c23a",191,"ShortAdjunctNoIsl",66,5,19840,45,"F","norsk","Bergensk","norsk","norsk","BA","Y",0.410041540031982
"84d7221d8b939943e4131e1aaf91c23a",278,"BF",304,1,9725,45,"F","norsk","Bergensk","norsk","norsk","BA","Y",-1.2463638890081
"84d7221d8b939943e4131e1aaf91c23a",114,"LongFordiIsl",19,1,14974,45,"F","norsk","Bergensk","norsk","norsk","BA","Y",-1.2463638890081
"84d7221d8b939943e4131e1aaf91c23a",313,"BF",207,1,15378,45,"F","norsk","Bergensk","norsk","norsk","BA","Y",-1.2463638890081
"84d7221d8b939943e4131e1aaf91c23a",153,"ShortAdjunctIsl",56,7,16107,45,"F","norsk","Bergensk","norsk","norsk","BA","Y",1.23824425455202
"84d7221d8b939943e4131e1aaf91c23a",180,"LongAdjunctNoIsl",63,7,15407,45,"F","norsk","Bergensk","norsk","norsk","BA","Y",1.23824425455202
"84d7221d8b939943e4131e1aaf91c23a",298,"BF",324,1,10592,45,"F","norsk","Bergensk","norsk","norsk","BA","Y",-1.2463638890081
"84d7221d8b939943e4131e1aaf91c23a",97,"ShortFordiIsl",13,7,7224,45,"F","norsk","Bergensk","norsk","norsk","BA","Y",1.23824425455202
"84d7221d8b939943e4131e1aaf91c23a",304,"BF",331,2,27095,45,"F","norsk","Bergensk","norsk","norsk","BA","Y",-0.832262531748081
"84d7221d8b939943e4131e1aaf91c23a",71,"ShortFordiNoIsl",7,6,11054,45,"F","norsk","Bergensk","norsk","norsk","BA","Y",0.824142897292002
"84d7221d8b939943e4131e1aaf91c23a",280,"BF",306,6,11901,45,"F","norsk","Bergensk","norsk","norsk","BA","Y",0.824142897292002
"84d7221d8b939943e4131e1aaf91c23a",265,"ShortSubjectIsl",117,7,30861,45,"F","norsk","Bergensk","norsk","norsk","BA","Y",1.23824425455202
"84d7221d8b939943e4131e1aaf91c23a",260,"LongSubjectNoIsl",116,5,14815,45,"F","norsk","Bergensk","norsk","norsk","BA","Y",0.410041540031982
"84d7221d8b939943e4131e1aaf91c23a",282,"BF",308,2,6470,45,"F","norsk","Bergensk","norsk","norsk","BA","Y",-0.832262531748081
"84d7221d8b939943e4131e1aaf91c23a",174,"LongAdjunctIsl",61,6,18027,45,"F","norsk","Bergensk","norsk","norsk","BA","Y",0.824142897292002
"84d7221d8b939943e4131e1aaf91c23a",276,"BF",302,1,5809,45,"F","norsk","Bergensk","norsk","norsk","BA","Y",-1.2463638890081
"84d7221d8b939943e4131e1aaf91c23a",207,"ShortAdjunctNoIsl",72,7,7873,45,"F","norsk","Bergensk","norsk","norsk","BA","Y",1.23824425455202
"84d7221d8b939943e4131e1aaf91c23a",302,"BF",328,1,7667,45,"F","norsk","Bergensk","norsk","norsk","BA","Y",-1.2463638890081
"84d7221d8b939943e4131e1aaf91c23a",60,"LongFordiNoIsl",3,6,8334,45,"F","norsk","Bergensk","norsk","norsk","BA","Y",0.824142897292002
"84d7221d8b939943e4131e1aaf91c23a",86,"LongFordiIsl",10,1,10060,45,"F","norsk","Bergensk","norsk","norsk","BA","Y",-1.2463638890081
"84d7221d8b939943e4131e1aaf91c23a",293,"BF",319,5,15489,45,"F","norsk","Bergensk","norsk","norsk","BA","Y",0.410041540031982
"84d7221d8b939943e4131e1aaf91c23a",201,"ShortAdjunctIsl",69,7,17082,45,"F","norsk","Bergensk","norsk","norsk","BA","Y",1.23824425455202
"84d7221d8b939943e4131e1aaf91c23a",16,"localTop",602,5,48369,45,"F","norsk","Bergensk","norsk","norsk","BA","Y",0.410041540031982
"84d7221d8b939943e4131e1aaf91c23a",255,"ShortSubjectNoIsl",113,6,15664,45,"F","norsk","Bergensk","norsk","norsk","BA","Y",0.824142897292002
"84d7221d8b939943e4131e1aaf91c23a",275,"BF",301,1,5915,45,"F","norsk","Bergensk","norsk","norsk","BA","Y",-1.2463638890081
"84d7221d8b939943e4131e1aaf91c23a",196,"LongAdjunctNoIsl",68,6,29469,45,"F","norsk","Bergensk","norsk","norsk","BA","Y",0.824142897292002
"84d7221d8b939943e4131e1aaf91c23a",270,"LongSubjectIsl",118,1,17998,45,"F","norsk","Bergensk","norsk","norsk","BA","Y",-1.2463638890081
"84d7221d8b939943e4131e1aaf91c23a",300,"BF",326,4,8009,45,"F","norsk","Bergensk","norsk","norsk","BA","Y",-0.00405981722803941
"84d7221d8b939943e4131e1aaf91c23a",47,"shortWhetherNoI",24,3,10547,45,"F","norsk","Bergensk","norsk","norsk","BA","Y",-0.41816117448806
"84d7221d8b939943e4131e1aaf91c23a",314,"BF",208,1,9753,45,"F","norsk","Bergensk","norsk","norsk","BA","Y",-1.2463638890081
"84d7221d8b939943e4131e1aaf91c23a",55,"ShortFordiNoIsl",2,6,10907,45,"F","norsk","Bergensk","norsk","norsk","BA","Y",0.824142897292002
"84d7221d8b939943e4131e1aaf91c23a",289,"BF",315,3,16119,45,"F","norsk","Bergensk","norsk","norsk","BA","Y",-0.41816117448806
"84d7221d8b939943e4131e1aaf91c23a",249,"ShortSubjectIsl",109,4,23412,45,"F","norsk","Bergensk","norsk","norsk","BA","Y",-0.00405981722803941
"84d7221d8b939943e4131e1aaf91c23a",228,"LongSubjectNoIsl",103,6,14743,45,"F","norsk","Bergensk","norsk","norsk","BA","Y",0.824142897292002
"84d7221d8b939943e4131e1aaf91c23a",286,"BF",312,4,13238,45,"F","norsk","Bergensk","norsk","norsk","BA","Y",-0.00405981722803941
"84d7221d8b939943e4131e1aaf91c23a",206,"LongAdjunctIsl",71,5,15531,45,"F","norsk","Bergensk","norsk","norsk","BA","Y",0.410041540031982
"84d7221d8b939943e4131e1aaf91c23a",292,"BF",318,1,9944,45,"F","norsk","Bergensk","norsk","norsk","BA","Y",-1.2463638890081
"84d7221d8b939943e4131e1aaf91c23a",159,"ShortAdjunctNoIsl",58,7,9454,45,"F","norsk","Bergensk","norsk","norsk","BA","Y",1.23824425455202
"84d7221d8b939943e4131e1aaf91c23a",312,"BF",206,1,9460,45,"F","norsk","Bergensk","norsk","norsk","BA","Y",-1.2463638890081
"84d7221d8b939943e4131e1aaf91c23a",76,"LongFordiNoIsl",8,6,15576,45,"F","norsk","Bergensk","norsk","norsk","BA","Y",0.824142897292002
"84d7221d8b939943e4131e1aaf91c23a",102,"LongFordiIsl",14,2,9498,45,"F","norsk","Bergensk","norsk","norsk","BA","Y",-0.832262531748081
"84d7221d8b939943e4131e1aaf91c23a",294,"BF",320,1,4512,45,"F","norsk","Bergensk","norsk","norsk","BA","Y",-1.2463638890081
"84d7221d8b939943e4131e1aaf91c23a",41,"shortWhetherIsl",22,6,8557,45,"F","norsk","Bergensk","norsk","norsk","BA","Y",0.824142897292002
"84d7221d8b939943e4131e1aaf91c23a",290,"BF",316,1,7397,45,"F","norsk","Bergensk","norsk","norsk","BA","Y",-1.2463638890081
"84d7221d8b939943e4131e1aaf91c23a",185,"ShortAdjunctIsl",64,7,9121,45,"F","norsk","Bergensk","norsk","norsk","BA","Y",1.23824425455202
"84d7221d8b939943e4131e1aaf91c23a",18,"localTop",604,7,7794,45,"F","norsk","Bergensk","norsk","norsk","BA","Y",1.23824425455202
"84d7221d8b939943e4131e1aaf91c23a",239,"ShortSubjectNoIsl",107,6,7381,45,"F","norsk","Bergensk","norsk","norsk","BA","Y",0.824142897292002
"84d7221d8b939943e4131e1aaf91c23a",148,"LongAdjunctNoIsl",55,7,10204,45,"F","norsk","Bergensk","norsk","norsk","BA","Y",1.23824425455202
"84d7221d8b939943e4131e1aaf91c23a",299,"BF",325,3,22243,45,"F","norsk","Bergensk","norsk","norsk","BA","Y",-0.41816117448806
"84d7221d8b939943e4131e1aaf91c23a",254,"LongSubjectIsl",110,2,35073,45,"F","norsk","Bergensk","norsk","norsk","BA","Y",-0.832262531748081
"84d7221d8b939943e4131e1aaf91c23a",303,"BF",329,1,10333,45,"F","norsk","Bergensk","norsk","norsk","BA","Y",-1.2463638890081
"84d7221d8b939943e4131e1aaf91c23a",81,"ShortFordiIsl",9,7,8169,45,"F","norsk","Bergensk","norsk","norsk","BA","Y",1.23824425455202
"84d7221d8b939943e4131e1aaf91c23a",311,"BF",205,2,12573,45,"F","norsk","Bergensk","norsk","norsk","BA","Y",-0.832262531748081
"84d7221d8b939943e4131e1aaf91c23a",103,"ShortFordiNoIsl",15,7,9354,45,"F","norsk","Bergensk","norsk","norsk","BA","Y",1.23824425455202
"84d7221d8b939943e4131e1aaf91c23a",288,"BF",314,1,13965,45,"F","norsk","Bergensk","norsk","norsk","BA","Y",-1.2463638890081
"84d7221d8b939943e4131e1aaf91c23a",233,"ShortSubjectIsl",104,7,11363,45,"F","norsk","Bergensk","norsk","norsk","BA","Y",1.23824425455202
"84d7221d8b939943e4131e1aaf91c23a",244,"LongSubjectNoIsl",108,5,11427,45,"F","norsk","Bergensk","norsk","norsk","BA","Y",0.410041540031982
"84d7221d8b939943e4131e1aaf91c23a",285,"BF",311,3,90993,45,"F","norsk","Bergensk","norsk","norsk","BA","Y",-0.41816117448806
"84d7221d8b939943e4131e1aaf91c23a",190,"LongAdjunctIsl",65,1,20073,45,"F","norsk","Bergensk","norsk","norsk","BA","Y",-1.2463638890081
"84d7221d8b939943e4131e1aaf91c23a",306,"BF",213,1,9591,45,"F","norsk","Bergensk","norsk","norsk","BA","Y",-1.2463638890081
"84d7221d8b939943e4131e1aaf91c23a",175,"ShortAdjunctNoIsl",62,7,9416,45,"F","norsk","Bergensk","norsk","norsk","BA","Y",1.23824425455202
"84d7221d8b939943e4131e1aaf91c23a",284,"BF",310,1,7140,45,"F","norsk","Bergensk","norsk","norsk","BA","Y",-1.2463638890081
"84d7221d8b939943e4131e1aaf91c23a",108,"LongFordiNoIsl",17,7,9025,45,"F","norsk","Bergensk","norsk","norsk","BA","Y",1.23824425455202
"84d7221d8b939943e4131e1aaf91c23a",54,"LongFordiIsl",1,2,31422,45,"F","norsk","Bergensk","norsk","norsk","BA","Y",-0.832262531748081
"84d7221d8b939943e4131e1aaf91c23a",291,"BF",317,1,8836,45,"F","norsk","Bergensk","norsk","norsk","BA","Y",-1.2463638890081
"84d7221d8b939943e4131e1aaf91c23a",137,"ShortAdjunctIsl",52,7,5570,45,"F","norsk","Bergensk","norsk","norsk","BA","Y",1.23824425455202
"84d7221d8b939943e4131e1aaf91c23a",308,"BF",202,1,11453,45,"F","norsk","Bergensk","norsk","norsk","BA","Y",-1.2463638890081
"84d7221d8b939943e4131e1aaf91c23a",223,"ShortSubjectNoIsl",100,6,21675,45,"F","norsk","Bergensk","norsk","norsk","BA","Y",0.824142897292002
"84d7221d8b939943e4131e1aaf91c23a",309,"BF",203,1,9267,45,"F","norsk","Bergensk","norsk","norsk","BA","Y",-1.2463638890081
"84d7221d8b939943e4131e1aaf91c23a",132,"LongAdjunctNoIsl",50,4,9011,45,"F","norsk","Bergensk","norsk","norsk","BA","Y",-0.00405981722803941
"84d7221d8b939943e4131e1aaf91c23a",238,"LongSubjectIsl",106,3,44960,45,"F","norsk","Bergensk","norsk","norsk","BA","Y",-0.41816117448806
"84d7221d8b939943e4131e1aaf91c23a",15,"localTop",601,7,107751,45,"F","norsk","Bergensk","norsk","norsk","BA","Y",1.23824425455202
"84d7221d8b939943e4131e1aaf91c23a",31,"shortWhetherNoI",20,7,14020,45,"F","norsk","Bergensk","norsk","norsk","BA","Y",1.23824425455202
"84d7221d8b939943e4131e1aaf91c23a",295,"BF",321,2,5696,45,"F","norsk","Bergensk","norsk","norsk","BA","Y",-0.832262531748081
"84d7221d8b939943e4131e1aaf91c23a",65,"ShortFordiIsl",4,7,92315,45,"F","norsk","Bergensk","norsk","norsk","BA","Y",1.23824425455202
"84d7221d8b939943e4131e1aaf91c23a",287,"BF",313,1,4788,45,"F","norsk","Bergensk","norsk","norsk","BA","Y",-1.2463638890081
"84d7221d8b939943e4131e1aaf91c23a",87,"ShortFordiNoIsl",11,7,7803,45,"F","norsk","Bergensk","norsk","norsk","BA","Y",1.23824425455202
"84d7221d8b939943e4131e1aaf91c23a",217,"ShortSubjectIsl",98,6,10923,45,"F","norsk","Bergensk","norsk","norsk","BA","Y",0.824142897292002
"84d7221d8b939943e4131e1aaf91c23a",279,"BF",305,5,5419,45,"F","norsk","Bergensk","norsk","norsk","BA","Y",0.410041540031982
"84d7221d8b939943e4131e1aaf91c23a",212,"LongSubjectNoIsl",97,6,9603,45,"F","norsk","Bergensk","norsk","norsk","BA","Y",0.824142897292002
"84d7221d8b939943e4131e1aaf91c23a",305,"BF",332,2,15868,45,"F","norsk","Bergensk","norsk","norsk","BA","Y",-0.832262531748081
"84d7221d8b939943e4131e1aaf91c23a",36,"longWhetherNoI",21,6,5840,45,"F","norsk","Bergensk","norsk","norsk","BA","Y",0.824142897292002
"84d7221d8b939943e4131e1aaf91c23a",281,"BF",307,2,13582,45,"F","norsk","Bergensk","norsk","norsk","BA","Y",-0.832262531748081
"84d7221d8b939943e4131e1aaf91c23a",158,"LongAdjunctIsl",57,6,9602,45,"F","norsk","Bergensk","norsk","norsk","BA","Y",0.824142897292002
"84d7221d8b939943e4131e1aaf91c23a",143,"ShortAdjunctNoIsl",54,7,19646,45,"F","norsk","Bergensk","norsk","norsk","BA","Y",1.23824425455202
"84d7221d8b939943e4131e1aaf91c23a",297,"BF",323,5,8888,45,"F","norsk","Bergensk","norsk","norsk","BA","Y",0.410041540031982
"84d7221d8b939943e4131e1aaf91c23a",92,"LongFordiNoIsl",12,5,35031,45,"F","norsk","Bergensk","norsk","norsk","BA","Y",0.410041540031982
"84d7221d8b939943e4131e1aaf91c23a",301,"BF",327,2,5851,45,"F","norsk","Bergensk","norsk","norsk","BA","Y",-0.832262531748081
"84d7221d8b939943e4131e1aaf91c23a",46,"longWhetherIsla",23,5,20995,45,"F","norsk","Bergensk","norsk","norsk","BA","Y",0.410041540031982
"84d7221d8b939943e4131e1aaf91c23a",307,"BF",201,1,5463,45,"F","norsk","Bergensk","norsk","norsk","BA","Y",-1.2463638890081
"84d7221d8b939943e4131e1aaf91c23a",70,"LongFordiIsl",6,2,16813,45,"F","norsk","Bergensk","norsk","norsk","BA","Y",-0.832262531748081
"84d7221d8b939943e4131e1aaf91c23a",25,"shortWhetherIsl",18,7,12732,45,"F","norsk","Bergensk","norsk","norsk","BA","Y",1.23824425455202
"84d7221d8b939943e4131e1aaf91c23a",296,"BF",322,1,8077,45,"F","norsk","Bergensk","norsk","norsk","BA","Y",-1.2463638890081
"84d7221d8b939943e4131e1aaf91c23a",169,"ShortAdjunctIsl",60,7,16733,45,"F","norsk","Bergensk","norsk","norsk","BA","Y",1.23824425455202
"84d7221d8b939943e4131e1aaf91c23a",277,"BF",303,4,22961,45,"F","norsk","Bergensk","norsk","norsk","BA","Y",-0.00405981722803941
"84d7221d8b939943e4131e1aaf91c23a",271,"ShortSubjectNoIsl",120,5,9987,45,"F","norsk","Bergensk","norsk","norsk","BA","Y",0.410041540031982
"84d7221d8b939943e4131e1aaf91c23a",17,"localTop",603,1,8905,45,"F","norsk","Bergensk","norsk","norsk","BA","Y",-1.2463638890081
"84d7221d8b939943e4131e1aaf91c23a",164,"LongAdjunctNoIsl",59,5,10190,45,"F","norsk","Bergensk","norsk","norsk","BA","Y",0.410041540031982
"84d7221d8b939943e4131e1aaf91c23a",310,"BF",204,1,11573,45,"F","norsk","Bergensk","norsk","norsk","BA","Y",-1.2463638890081
"84d7221d8b939943e4131e1aaf91c23a",222,"LongSubjectIsl",99,2,20681,45,"F","norsk","Bergensk","norsk","norsk","BA","Y",-0.832262531748081
"88ac86b151fa99d2c3fef181b7b0e038",202,"LongAdjunctIsl",69,5,22453,20,"F","norsk","akershus","norsk","norsk","vgsskole","N",0.155217667763398
"88ac86b151fa99d2c3fef181b7b0e038",312,"BF",206,2,16113,20,"F","norsk","akershus","norsk","norsk","vgsskole","N",-1.0946930252787
"88ac86b151fa99d2c3fef181b7b0e038",83,"ShortFordiNoIsl",10,6,14320,20,"F","norsk","akershus","norsk","norsk","vgsskole","N",0.571854565444097
"88ac86b151fa99d2c3fef181b7b0e038",300,"BF",326,3,11176,20,"F","norsk","akershus","norsk","norsk","vgsskole","N",-0.678056127598001
"88ac86b151fa99d2c3fef181b7b0e038",192,"LongAdjunctNoIsl",66,6,12082,20,"F","norsk","akershus","norsk","norsk","vgsskole","N",0.571854565444097
"88ac86b151fa99d2c3fef181b7b0e038",306,"BF",213,2,9896,20,"F","norsk","akershus","norsk","norsk","vgsskole","N",-1.0946930252787
"88ac86b151fa99d2c3fef181b7b0e038",155,"ShortAdjunctNoIsl",57,7,8657,20,"F","norsk","akershus","norsk","norsk","vgsskole","N",0.988491463124797
"88ac86b151fa99d2c3fef181b7b0e038",116,"LongFordiNoIsl",20,6,17202,20,"F","norsk","akershus","norsk","norsk","vgsskole","N",0.571854565444097
"88ac86b151fa99d2c3fef181b7b0e038",314,"BF",208,2,8262,20,"F","norsk","akershus","norsk","norsk","vgsskole","N",-1.0946930252787
"88ac86b151fa99d2c3fef181b7b0e038",165,"ShortAdjunctIsl",59,7,12039,20,"F","norsk","akershus","norsk","norsk","vgsskole","N",0.988491463124797
"88ac86b151fa99d2c3fef181b7b0e038",309,"BF",203,2,12977,20,"F","norsk","akershus","norsk","norsk","vgsskole","N",-1.0946930252787
"88ac86b151fa99d2c3fef181b7b0e038",138,"LongAdjunctIsl",52,2,21494,20,"F","norsk","akershus","norsk","norsk","vgsskole","N",-1.0946930252787
"88ac86b151fa99d2c3fef181b7b0e038",311,"BF",205,2,7565,20,"F","norsk","akershus","norsk","norsk","vgsskole","N",-1.0946930252787
"88ac86b151fa99d2c3fef181b7b0e038",51,"ShortFordiNoIsl",1,7,18724,20,"F","norsk","akershus","norsk","norsk","vgsskole","N",0.988491463124797
"88ac86b151fa99d2c3fef181b7b0e038",176,"LongAdjunctNoIsl",62,7,12573,20,"F","norsk","akershus","norsk","norsk","vgsskole","N",0.988491463124797
"88ac86b151fa99d2c3fef181b7b0e038",284,"BF",310,2,6943,20,"F","norsk","akershus","norsk","norsk","vgsskole","N",-1.0946930252787
"88ac86b151fa99d2c3fef181b7b0e038",61,"ShortFordiIsl",3,7,7291,20,"F","norsk","akershus","norsk","norsk","vgsskole","N",0.988491463124797
"88ac86b151fa99d2c3fef181b7b0e038",308,"BF",202,2,8638,20,"F","norsk","akershus","norsk","norsk","vgsskole","N",-1.0946930252787
"88ac86b151fa99d2c3fef181b7b0e038",256,"LongSubjectNoIsl",113,7,8305,20,"F","norsk","akershus","norsk","norsk","vgsskole","N",0.988491463124797
"88ac86b151fa99d2c3fef181b7b0e038",291,"BF",317,2,13844,20,"F","norsk","akershus","norsk","norsk","vgsskole","N",-1.0946930252787
"88ac86b151fa99d2c3fef181b7b0e038",234,"LongSubjectIsl",104,2,21663,20,"F","norsk","akershus","norsk","norsk","vgsskole","N",-1.0946930252787
"88ac86b151fa99d2c3fef181b7b0e038",139,"ShortAdjunctNoIsl",53,7,9726,20,"F","norsk","akershus","norsk","norsk","vgsskole","N",0.988491463124797
"88ac86b151fa99d2c3fef181b7b0e038",297,"BF",323,5,9171,20,"F","norsk","akershus","norsk","norsk","vgsskole","N",0.155217667763398
"88ac86b151fa99d2c3fef181b7b0e038",126,"LongFordiIsl",22,4,11701,20,"F","norsk","akershus","norsk","norsk","vgsskole","N",-0.261419229917302
"88ac86b151fa99d2c3fef181b7b0e038",16,"localTop",602,6,14062,20,"F","norsk","akershus","norsk","norsk","vgsskole","N",0.571854565444097
"88ac86b151fa99d2c3fef181b7b0e038",56,"LongFordiNoIsl",2,7,4743,20,"F","norsk","akershus","norsk","norsk","vgsskole","N",0.988491463124797
"88ac86b151fa99d2c3fef181b7b0e038",301,"BF",327,7,9288,20,"F","norsk","akershus","norsk","norsk","vgsskole","N",0.988491463124797
"88ac86b151fa99d2c3fef181b7b0e038",213,"ShortSubjectIsl",97,7,7462,20,"F","norsk","akershus","norsk","norsk","vgsskole","N",0.988491463124797
"88ac86b151fa99d2c3fef181b7b0e038",219,"ShortSubjectNoIsl",99,6,12555,20,"F","norsk","akershus","norsk","norsk","vgsskole","N",0.571854565444097
"88ac86b151fa99d2c3fef181b7b0e038",289,"BF",315,2,16343,20,"F","norsk","akershus","norsk","norsk","vgsskole","N",-1.0946930252787
"88ac86b151fa99d2c3fef181b7b0e038",181,"ShortAdjunctIsl",63,7,13147,20,"F","norsk","akershus","norsk","norsk","vgsskole","N",0.988491463124797
"88ac86b151fa99d2c3fef181b7b0e038",276,"BF",302,2,11772,20,"F","norsk","akershus","norsk","norsk","vgsskole","N",-1.0946930252787
"88ac86b151fa99d2c3fef181b7b0e038",170,"LongAdjunctIsl",60,6,8991,20,"F","norsk","akershus","norsk","norsk","vgsskole","N",0.571854565444097
"88ac86b151fa99d2c3fef181b7b0e038",279,"BF",305,7,4807,20,"F","norsk","akershus","norsk","norsk","vgsskole","N",0.988491463124797
"88ac86b151fa99d2c3fef181b7b0e038",99,"ShortFordiNoIsl",14,7,9307,20,"F","norsk","akershus","norsk","norsk","vgsskole","N",0.988491463124797
"88ac86b151fa99d2c3fef181b7b0e038",208,"LongAdjunctNoIsl",72,7,5225,20,"F","norsk","akershus","norsk","norsk","vgsskole","N",0.988491463124797
"88ac86b151fa99d2c3fef181b7b0e038",313,"BF",207,2,14585,20,"F","norsk","akershus","norsk","norsk","vgsskole","N",-1.0946930252787
"88ac86b151fa99d2c3fef181b7b0e038",121,"ShortFordiIsl",21,7,8065,20,"F","norsk","akershus","norsk","norsk","vgsskole","N",0.988491463124797
"88ac86b151fa99d2c3fef181b7b0e038",310,"BF",204,2,12643,20,"F","norsk","akershus","norsk","norsk","vgsskole","N",-1.0946930252787
"88ac86b151fa99d2c3fef181b7b0e038",272,"LongSubjectNoIsl",120,7,6663,20,"F","norsk","akershus","norsk","norsk","vgsskole","N",0.988491463124797
"88ac86b151fa99d2c3fef181b7b0e038",292,"BF",318,2,14714,20,"F","norsk","akershus","norsk","norsk","vgsskole","N",-1.0946930252787
"88ac86b151fa99d2c3fef181b7b0e038",266,"LongSubjectIsl",117,5,17809,20,"F","norsk","akershus","norsk","norsk","vgsskole","N",0.155217667763398
"88ac86b151fa99d2c3fef181b7b0e038",187,"ShortAdjunctNoIsl",65,7,7462,20,"F","norsk","akershus","norsk","norsk","vgsskole","N",0.988491463124797
"88ac86b151fa99d2c3fef181b7b0e038",275,"BF",301,1,13546,20,"F","norsk","akershus","norsk","norsk","vgsskole","N",-1.5113299229594
"88ac86b151fa99d2c3fef181b7b0e038",66,"LongFordiIsl",4,2,14892,20,"F","norsk","akershus","norsk","norsk","vgsskole","N",-1.0946930252787
"88ac86b151fa99d2c3fef181b7b0e038",299,"BF",325,2,6329,20,"F","norsk","akershus","norsk","norsk","vgsskole","N",-1.0946930252787
"88ac86b151fa99d2c3fef181b7b0e038",88,"LongFordiNoIsl",11,6,10698,20,"F","norsk","akershus","norsk","norsk","vgsskole","N",0.571854565444097
"88ac86b151fa99d2c3fef181b7b0e038",18,"localTop",604,7,9314,20,"F","norsk","akershus","norsk","norsk","vgsskole","N",0.988491463124797
"88ac86b151fa99d2c3fef181b7b0e038",261,"ShortSubjectIsl",116,7,7559,20,"F","norsk","akershus","norsk","norsk","vgsskole","N",0.988491463124797
"88ac86b151fa99d2c3fef181b7b0e038",251,"ShortSubjectNoIsl",110,6,9287,20,"F","norsk","akershus","norsk","norsk","vgsskole","N",0.571854565444097
"88ac86b151fa99d2c3fef181b7b0e038",304,"BF",331,1,14353,20,"F","norsk","akershus","norsk","norsk","vgsskole","N",-1.5113299229594
"88ac86b151fa99d2c3fef181b7b0e038",133,"ShortAdjunctIsl",50,7,7304,20,"F","norsk","akershus","norsk","norsk","vgsskole","N",0.988491463124797
"88ac86b151fa99d2c3fef181b7b0e038",288,"BF",314,2,8723,20,"F","norsk","akershus","norsk","norsk","vgsskole","N",-1.0946930252787
"88ac86b151fa99d2c3fef181b7b0e038",154,"LongAdjunctIsl",56,6,14959,20,"F","norsk","akershus","norsk","norsk","vgsskole","N",0.571854565444097
"88ac86b151fa99d2c3fef181b7b0e038",294,"BF",320,1,5294,20,"F","norsk","akershus","norsk","norsk","vgsskole","N",-1.5113299229594
"88ac86b151fa99d2c3fef181b7b0e038",67,"ShortFordiNoIsl",6,7,15430,20,"F","norsk","akershus","norsk","norsk","vgsskole","N",0.988491463124797
"88ac86b151fa99d2c3fef181b7b0e038",278,"BF",304,2,6621,20,"F","norsk","akershus","norsk","norsk","vgsskole","N",-1.0946930252787
"88ac86b151fa99d2c3fef181b7b0e038",160,"LongAdjunctNoIsl",58,7,9002,20,"F","norsk","akershus","norsk","norsk","vgsskole","N",0.988491463124797
"88ac86b151fa99d2c3fef181b7b0e038",93,"ShortFordiIsl",12,7,12057,20,"F","norsk","akershus","norsk","norsk","vgsskole","N",0.988491463124797
"88ac86b151fa99d2c3fef181b7b0e038",298,"BF",324,2,6081,20,"F","norsk","akershus","norsk","norsk","vgsskole","N",-1.0946930252787
"88ac86b151fa99d2c3fef181b7b0e038",224,"LongSubjectNoIsl",100,7,8678,20,"F","norsk","akershus","norsk","norsk","vgsskole","N",0.988491463124797
"88ac86b151fa99d2c3fef181b7b0e038",280,"BF",306,6,12648,20,"F","norsk","akershus","norsk","norsk","vgsskole","N",0.571854565444097
"88ac86b151fa99d2c3fef181b7b0e038",250,"LongSubjectIsl",109,5,10147,20,"F","norsk","akershus","norsk","norsk","vgsskole","N",0.155217667763398
"88ac86b151fa99d2c3fef181b7b0e038",277,"BF",303,5,7079,20,"F","norsk","akershus","norsk","norsk","vgsskole","N",0.155217667763398
"88ac86b151fa99d2c3fef181b7b0e038",203,"ShortAdjunctNoIsl",71,7,11546,20,"F","norsk","akershus","norsk","norsk","vgsskole","N",0.988491463124797
"88ac86b151fa99d2c3fef181b7b0e038",82,"LongFordiIsl",9,2,12922,20,"F","norsk","akershus","norsk","norsk","vgsskole","N",-1.0946930252787
"88ac86b151fa99d2c3fef181b7b0e038",305,"BF",332,2,18064,20,"F","norsk","akershus","norsk","norsk","vgsskole","N",-1.0946930252787
"88ac86b151fa99d2c3fef181b7b0e038",72,"LongFordiNoIsl",7,6,6343,20,"F","norsk","akershus","norsk","norsk","vgsskole","N",0.571854565444097
"88ac86b151fa99d2c3fef181b7b0e038",290,"BF",316,2,10168,20,"F","norsk","akershus","norsk","norsk","vgsskole","N",-1.0946930252787
"88ac86b151fa99d2c3fef181b7b0e038",245,"ShortSubjectIsl",108,7,11436,20,"F","norsk","akershus","norsk","norsk","vgsskole","N",0.988491463124797
"88ac86b151fa99d2c3fef181b7b0e038",286,"BF",312,6,7105,20,"F","norsk","akershus","norsk","norsk","vgsskole","N",0.571854565444097
"88ac86b151fa99d2c3fef181b7b0e038",267,"ShortSubjectNoIsl",118,7,9001,20,"F","norsk","akershus","norsk","norsk","vgsskole","N",0.988491463124797
"88ac86b151fa99d2c3fef181b7b0e038",197,"ShortAdjunctIsl",68,1,14591,20,"F","norsk","akershus","norsk","norsk","vgsskole","N",-1.5113299229594
"88ac86b151fa99d2c3fef181b7b0e038",17,"localTop",603,2,5505,20,"F","norsk","akershus","norsk","norsk","vgsskole","N",-1.0946930252787
"88ac86b151fa99d2c3fef181b7b0e038",186,"LongAdjunctIsl",64,7,8987,20,"F","norsk","akershus","norsk","norsk","vgsskole","N",0.988491463124797
"88ac86b151fa99d2c3fef181b7b0e038",302,"BF",328,3,8489,20,"F","norsk","akershus","norsk","norsk","vgsskole","N",-0.678056127598001
"88ac86b151fa99d2c3fef181b7b0e038",111,"ShortFordiNoIsl",19,7,4764,20,"F","norsk","akershus","norsk","norsk","vgsskole","N",0.988491463124797
"88ac86b151fa99d2c3fef181b7b0e038",307,"BF",201,2,7338,20,"F","norsk","akershus","norsk","norsk","vgsskole","N",-1.0946930252787
"88ac86b151fa99d2c3fef181b7b0e038",48,"longWhetherNoI",24,6,6033,20,"F","norsk","akershus","norsk","norsk","vgsskole","N",0.571854565444097
"88ac86b151fa99d2c3fef181b7b0e038",43,"shortWhetherNoI",23,7,5334,20,"F","norsk","akershus","norsk","norsk","vgsskole","N",0.988491463124797
"88ac86b151fa99d2c3fef181b7b0e038",303,"BF",329,1,8444,20,"F","norsk","akershus","norsk","norsk","vgsskole","N",-1.5113299229594
"88ac86b151fa99d2c3fef181b7b0e038",144,"LongAdjunctNoIsl",54,7,12705,20,"F","norsk","akershus","norsk","norsk","vgsskole","N",0.988491463124797
"88ac86b151fa99d2c3fef181b7b0e038",296,"BF",322,1,26917,20,"F","norsk","akershus","norsk","norsk","vgsskole","N",-1.5113299229594
"88ac86b151fa99d2c3fef181b7b0e038",26,"longWhetherIsla",18,7,5903,20,"F","norsk","akershus","norsk","norsk","vgsskole","N",0.988491463124797
"88ac86b151fa99d2c3fef181b7b0e038",281,"BF",307,2,13404,20,"F","norsk","akershus","norsk","norsk","vgsskole","N",-1.0946930252787
"88ac86b151fa99d2c3fef181b7b0e038",77,"ShortFordiIsl",8,7,7989,20,"F","norsk","akershus","norsk","norsk","vgsskole","N",0.988491463124797
"88ac86b151fa99d2c3fef181b7b0e038",240,"LongSubjectNoIsl",107,7,8711,20,"F","norsk","akershus","norsk","norsk","vgsskole","N",0.988491463124797
"88ac86b151fa99d2c3fef181b7b0e038",287,"BF",313,1,6215,20,"F","norsk","akershus","norsk","norsk","vgsskole","N",-1.5113299229594
"88ac86b151fa99d2c3fef181b7b0e038",218,"LongSubjectIsl",98,3,19690,20,"F","norsk","akershus","norsk","norsk","vgsskole","N",-0.678056127598001
"88ac86b151fa99d2c3fef181b7b0e038",285,"BF",311,2,12739,20,"F","norsk","akershus","norsk","norsk","vgsskole","N",-1.0946930252787
"88ac86b151fa99d2c3fef181b7b0e038",171,"ShortAdjunctNoIsl",61,7,5577,20,"F","norsk","akershus","norsk","norsk","vgsskole","N",0.988491463124797
"88ac86b151fa99d2c3fef181b7b0e038",293,"BF",319,2,5835,20,"F","norsk","akershus","norsk","norsk","vgsskole","N",-1.0946930252787
"88ac86b151fa99d2c3fef181b7b0e038",98,"LongFordiIsl",13,3,9735,20,"F","norsk","akershus","norsk","norsk","vgsskole","N",-0.678056127598001
"88ac86b151fa99d2c3fef181b7b0e038",21,"shortWhetherIsl",17,7,7517,20,"F","norsk","akershus","norsk","norsk","vgsskole","N",0.988491463124797
"88ac86b151fa99d2c3fef181b7b0e038",283,"BF",309,1,9196,20,"F","norsk","akershus","norsk","norsk","vgsskole","N",-1.5113299229594
"88ac86b151fa99d2c3fef181b7b0e038",104,"LongFordiNoIsl",15,7,7162,20,"F","norsk","akershus","norsk","norsk","vgsskole","N",0.988491463124797
"88ac86b151fa99d2c3fef181b7b0e038",295,"BF",321,2,7785,20,"F","norsk","akershus","norsk","norsk","vgsskole","N",-1.0946930252787
"88ac86b151fa99d2c3fef181b7b0e038",229,"ShortSubjectIsl",103,6,21351,20,"F","norsk","akershus","norsk","norsk","vgsskole","N",0.571854565444097
"88ac86b151fa99d2c3fef181b7b0e038",15,"localTop",601,7,7727,20,"F","norsk","akershus","norsk","norsk","vgsskole","N",0.988491463124797
"88ac86b151fa99d2c3fef181b7b0e038",235,"ShortSubjectNoIsl",106,7,13248,20,"F","norsk","akershus","norsk","norsk","vgsskole","N",0.988491463124797
"88ac86b151fa99d2c3fef181b7b0e038",282,"BF",308,1,13167,20,"F","norsk","akershus","norsk","norsk","vgsskole","N",-1.5113299229594
"88ac86b151fa99d2c3fef181b7b0e038",149,"ShortAdjunctIsl",55,7,7468,20,"F","norsk","akershus","norsk","norsk","vgsskole","N",0.988491463124797
"967e16c7f9e40e097dae2bfb5824cfc0",177,"ShortAdjunctIsl",62,3,21187,22,"M","norsk","Nordland","norsk","norsk","BA","N",-0.774600120382163
"967e16c7f9e40e097dae2bfb5824cfc0",311,"BF",205,1,12451,22,"M","norsk","Nordland","norsk","norsk","BA","N",-1.72651834061085
"967e16c7f9e40e097dae2bfb5824cfc0",198,"LongAdjunctIsl",68,1,8969,22,"M","norsk","Nordland","norsk","norsk","BA","N",-1.72651834061085
"967e16c7f9e40e097dae2bfb5824cfc0",284,"BF",310,6,12093,22,"M","norsk","Nordland","norsk","norsk","BA","N",0.65327720996086
"967e16c7f9e40e097dae2bfb5824cfc0",172,"LongAdjunctNoIsl",61,1,14287,22,"M","norsk","Nordland","norsk","norsk","BA","N",-1.72651834061085
"967e16c7f9e40e097dae2bfb5824cfc0",303,"BF",329,1,6708,22,"M","norsk","Nordland","norsk","norsk","BA","N",-1.72651834061085
"967e16c7f9e40e097dae2bfb5824cfc0",52,"LongFordiNoIsl",1,6,12538,22,"M","norsk","Nordland","norsk","norsk","BA","N",0.65327720996086
"967e16c7f9e40e097dae2bfb5824cfc0",183,"ShortAdjunctNoIsl",64,7,8125,22,"M","norsk","Nordland","norsk","norsk","BA","N",1.1292363200752
"967e16c7f9e40e097dae2bfb5824cfc0",313,"BF",207,6,3291,22,"M","norsk","Nordland","norsk","norsk","BA","N",0.65327720996086
"967e16c7f9e40e097dae2bfb5824cfc0",73,"ShortFordiIsl",7,2,1409,22,"M","norsk","Nordland","norsk","norsk","BA","N",-1.2505592304965
"967e16c7f9e40e097dae2bfb5824cfc0",299,"BF",325,7,483,22,"M","norsk","Nordland","norsk","norsk","BA","N",1.1292363200752
"967e16c7f9e40e097dae2bfb5824cfc0",145,"ShortAdjunctIsl",54,5,342,22,"M","norsk","Nordland","norsk","norsk","BA","N",0.177318099846519
"967e16c7f9e40e097dae2bfb5824cfc0",308,"BF",202,2,576,22,"M","norsk","Nordland","norsk","norsk","BA","N",-1.2505592304965
"967e16c7f9e40e097dae2bfb5824cfc0",182,"LongAdjunctIsl",63,7,339,22,"M","norsk","Nordland","norsk","norsk","BA","N",1.1292363200752
"967e16c7f9e40e097dae2bfb5824cfc0",156,"LongAdjunctNoIsl",57,2,377,22,"M","norsk","Nordland","norsk","norsk","BA","N",-1.2505592304965
"967e16c7f9e40e097dae2bfb5824cfc0",283,"BF",309,6,466,22,"M","norsk","Nordland","norsk","norsk","BA","N",0.65327720996086
"967e16c7f9e40e097dae2bfb5824cfc0",257,"ShortSubjectIsl",113,2,640,22,"M","norsk","Nordland","norsk","norsk","BA","N",-1.2505592304965
"967e16c7f9e40e097dae2bfb5824cfc0",285,"BF",311,3,1003,22,"M","norsk","Nordland","norsk","norsk","BA","N",-0.774600120382163
"967e16c7f9e40e097dae2bfb5824cfc0",231,"ShortSubjectNoIsl",104,7,343,22,"M","norsk","Nordland","norsk","norsk","BA","N",1.1292363200752
"967e16c7f9e40e097dae2bfb5824cfc0",307,"BF",201,5,615,22,"M","norsk","Nordland","norsk","norsk","BA","N",0.177318099846519
"967e16c7f9e40e097dae2bfb5824cfc0",262,"LongSubjectIsl",116,2,618,22,"M","norsk","Nordland","norsk","norsk","BA","N",-1.2505592304965
"967e16c7f9e40e097dae2bfb5824cfc0",128,"LongFordiNoIsl",23,6,393,22,"M","norsk","Nordland","norsk","norsk","BA","N",0.65327720996086
"967e16c7f9e40e097dae2bfb5824cfc0",292,"BF",318,3,617,22,"M","norsk","Nordland","norsk","norsk","BA","N",-0.774600120382163
"967e16c7f9e40e097dae2bfb5824cfc0",63,"ShortFordiNoIsl",4,7,484,22,"M","norsk","Nordland","norsk","norsk","BA","N",1.1292363200752
"967e16c7f9e40e097dae2bfb5824cfc0",18,"localTop",604,7,1023,22,"M","norsk","Nordland","norsk","norsk","BA","N",1.1292363200752
"967e16c7f9e40e097dae2bfb5824cfc0",252,"LongSubjectNoIsl",110,6,1146,22,"M","norsk","Nordland","norsk","norsk","BA","N",0.65327720996086
"967e16c7f9e40e097dae2bfb5824cfc0",296,"BF",322,7,730,22,"M","norsk","Nordland","norsk","norsk","BA","N",1.1292363200752
"967e16c7f9e40e097dae2bfb5824cfc0",151,"ShortAdjunctNoIsl",56,1,1837,22,"M","norsk","Nordland","norsk","norsk","BA","N",-1.72651834061085
"967e16c7f9e40e097dae2bfb5824cfc0",78,"LongFordiIsl",8,6,1428,22,"M","norsk","Nordland","norsk","norsk","BA","N",0.65327720996086
"967e16c7f9e40e097dae2bfb5824cfc0",297,"BF",323,7,371,22,"M","norsk","Nordland","norsk","norsk","BA","N",1.1292363200752
"967e16c7f9e40e097dae2bfb5824cfc0",57,"ShortFordiIsl",2,3,1019,22,"M","norsk","Nordland","norsk","norsk","BA","N",-0.774600120382163
"967e16c7f9e40e097dae2bfb5824cfc0",310,"BF",204,7,436,22,"M","norsk","Nordland","norsk","norsk","BA","N",1.1292363200752
"967e16c7f9e40e097dae2bfb5824cfc0",209,"ShortAdjunctIsl",72,5,958,22,"M","norsk","Nordland","norsk","norsk","BA","N",0.177318099846519
"967e16c7f9e40e097dae2bfb5824cfc0",278,"BF",304,7,486,22,"M","norsk","Nordland","norsk","norsk","BA","N",1.1292363200752
"967e16c7f9e40e097dae2bfb5824cfc0",150,"LongAdjunctIsl",55,2,468,22,"M","norsk","Nordland","norsk","norsk","BA","N",-1.2505592304965
"967e16c7f9e40e097dae2bfb5824cfc0",140,"LongAdjunctNoIsl",53,7,674,22,"M","norsk","Nordland","norsk","norsk","BA","N",1.1292363200752
"967e16c7f9e40e097dae2bfb5824cfc0",294,"BF",320,5,697,22,"M","norsk","Nordland","norsk","norsk","BA","N",0.177318099846519
"967e16c7f9e40e097dae2bfb5824cfc0",273,"ShortSubjectIsl",120,6,559,22,"M","norsk","Nordland","norsk","norsk","BA","N",0.65327720996086
"967e16c7f9e40e097dae2bfb5824cfc0",301,"BF",327,2,601,22,"M","norsk","Nordland","norsk","norsk","BA","N",-1.2505592304965
"967e16c7f9e40e097dae2bfb5824cfc0",247,"ShortSubjectNoIsl",109,6,482,22,"M","norsk","Nordland","norsk","norsk","BA","N",0.65327720996086
"967e16c7f9e40e097dae2bfb5824cfc0",286,"BF",312,7,346,22,"M","norsk","Nordland","norsk","norsk","BA","N",1.1292363200752
"967e16c7f9e40e097dae2bfb5824cfc0",49,"shortWhetherIsl",24,1,483,22,"M","norsk","Nordland","norsk","norsk","BA","N",-1.72651834061085
"967e16c7f9e40e097dae2bfb5824cfc0",230,"LongSubjectIsl",103,6,498,22,"M","norsk","Nordland","norsk","norsk","BA","N",0.65327720996086
"967e16c7f9e40e097dae2bfb5824cfc0",293,"BF",319,7,387,22,"M","norsk","Nordland","norsk","norsk","BA","N",1.1292363200752
"967e16c7f9e40e097dae2bfb5824cfc0",100,"LongFordiNoIsl",14,3,610,22,"M","norsk","Nordland","norsk","norsk","BA","N",-0.774600120382163
"967e16c7f9e40e097dae2bfb5824cfc0",309,"BF",203,7,396,22,"M","norsk","Nordland","norsk","norsk","BA","N",1.1292363200752
"967e16c7f9e40e097dae2bfb5824cfc0",123,"ShortFordiNoIsl",22,5,940,22,"M","norsk","Nordland","norsk","norsk","BA","N",0.177318099846519
"967e16c7f9e40e097dae2bfb5824cfc0",17,"localTop",603,7,373,22,"M","norsk","Nordland","norsk","norsk","BA","N",1.1292363200752
"967e16c7f9e40e097dae2bfb5824cfc0",220,"LongSubjectNoIsl",99,2,439,22,"M","norsk","Nordland","norsk","norsk","BA","N",-1.2505592304965
"967e16c7f9e40e097dae2bfb5824cfc0",135,"ShortAdjunctNoIsl",52,1,401,22,"M","norsk","Nordland","norsk","norsk","BA","N",-1.72651834061085
"967e16c7f9e40e097dae2bfb5824cfc0",314,"BF",208,5,907,22,"M","norsk","Nordland","norsk","norsk","BA","N",0.177318099846519
"967e16c7f9e40e097dae2bfb5824cfc0",62,"LongFordiIsl",3,3,496,22,"M","norsk","Nordland","norsk","norsk","BA","N",-0.774600120382163
"967e16c7f9e40e097dae2bfb5824cfc0",304,"BF",331,7,250,22,"M","norsk","Nordland","norsk","norsk","BA","N",1.1292363200752
"967e16c7f9e40e097dae2bfb5824cfc0",89,"ShortFordiIsl",11,1,394,22,"M","norsk","Nordland","norsk","norsk","BA","N",-1.72651834061085
"967e16c7f9e40e097dae2bfb5824cfc0",306,"BF",213,6,546,22,"M","norsk","Nordland","norsk","norsk","BA","N",0.65327720996086
"967e16c7f9e40e097dae2bfb5824cfc0",161,"ShortAdjunctIsl",58,5,363,22,"M","norsk","Nordland","norsk","norsk","BA","N",0.177318099846519
"967e16c7f9e40e097dae2bfb5824cfc0",281,"BF",307,7,376,22,"M","norsk","Nordland","norsk","norsk","BA","N",1.1292363200752
"967e16c7f9e40e097dae2bfb5824cfc0",166,"LongAdjunctIsl",59,2,902,22,"M","norsk","Nordland","norsk","norsk","BA","N",-1.2505592304965
"967e16c7f9e40e097dae2bfb5824cfc0",204,"LongAdjunctNoIsl",71,5,2305,22,"M","norsk","Nordland","norsk","norsk","BA","N",0.177318099846519
"967e16c7f9e40e097dae2bfb5824cfc0",275,"BF",301,4,353,22,"M","norsk","Nordland","norsk","norsk","BA","N",-0.298641010267822
"967e16c7f9e40e097dae2bfb5824cfc0",225,"ShortSubjectIsl",100,7,318,22,"M","norsk","Nordland","norsk","norsk","BA","N",1.1292363200752
"967e16c7f9e40e097dae2bfb5824cfc0",305,"BF",332,2,420,22,"M","norsk","Nordland","norsk","norsk","BA","N",-1.2505592304965
"967e16c7f9e40e097dae2bfb5824cfc0",263,"ShortSubjectNoIsl",117,6,387,22,"M","norsk","Nordland","norsk","norsk","BA","N",0.65327720996086
"967e16c7f9e40e097dae2bfb5824cfc0",289,"BF",315,4,538,22,"M","norsk","Nordland","norsk","norsk","BA","N",-0.298641010267822
"967e16c7f9e40e097dae2bfb5824cfc0",214,"LongSubjectIsl",97,7,366,22,"M","norsk","Nordland","norsk","norsk","BA","N",1.1292363200752
"967e16c7f9e40e097dae2bfb5824cfc0",84,"LongFordiNoIsl",10,6,338,22,"M","norsk","Nordland","norsk","norsk","BA","N",0.65327720996086
"967e16c7f9e40e097dae2bfb5824cfc0",291,"BF",317,2,244,22,"M","norsk","Nordland","norsk","norsk","BA","N",-1.2505592304965
"967e16c7f9e40e097dae2bfb5824cfc0",95,"ShortFordiNoIsl",13,6,891,22,"M","norsk","Nordland","norsk","norsk","BA","N",0.65327720996086
"967e16c7f9e40e097dae2bfb5824cfc0",276,"BF",302,5,595,22,"M","norsk","Nordland","norsk","norsk","BA","N",0.177318099846519
"967e16c7f9e40e097dae2bfb5824cfc0",268,"LongSubjectNoIsl",118,7,649,22,"M","norsk","Nordland","norsk","norsk","BA","N",1.1292363200752
"967e16c7f9e40e097dae2bfb5824cfc0",295,"BF",321,1,518,22,"M","norsk","Nordland","norsk","norsk","BA","N",-1.72651834061085
"967e16c7f9e40e097dae2bfb5824cfc0",199,"ShortAdjunctNoIsl",69,6,891,22,"M","norsk","Nordland","norsk","norsk","BA","N",0.65327720996086
"967e16c7f9e40e097dae2bfb5824cfc0",110,"LongFordiIsl",17,2,459,22,"M","norsk","Nordland","norsk","norsk","BA","N",-1.2505592304965
"967e16c7f9e40e097dae2bfb5824cfc0",16,"localTop",602,5,328,22,"M","norsk","Nordland","norsk","norsk","BA","N",0.177318099846519
"967e16c7f9e40e097dae2bfb5824cfc0",105,"ShortFordiIsl",15,1,181,22,"M","norsk","Nordland","norsk","norsk","BA","N",-1.72651834061085
"967e16c7f9e40e097dae2bfb5824cfc0",277,"BF",303,6,447,22,"M","norsk","Nordland","norsk","norsk","BA","N",0.65327720996086
"967e16c7f9e40e097dae2bfb5824cfc0",28,"longWhetherNoI",19,3,380,22,"M","norsk","Nordland","norsk","norsk","BA","N",-0.774600120382163
"967e16c7f9e40e097dae2bfb5824cfc0",288,"BF",314,7,525,22,"M","norsk","Nordland","norsk","norsk","BA","N",1.1292363200752
"967e16c7f9e40e097dae2bfb5824cfc0",193,"ShortAdjunctIsl",66,6,383,22,"M","norsk","Nordland","norsk","norsk","BA","N",0.65327720996086
"967e16c7f9e40e097dae2bfb5824cfc0",134,"LongAdjunctIsl",50,2,518,22,"M","norsk","Nordland","norsk","norsk","BA","N",-1.2505592304965
"967e16c7f9e40e097dae2bfb5824cfc0",300,"BF",326,4,543,22,"M","norsk","Nordland","norsk","norsk","BA","N",-0.298641010267822
"967e16c7f9e40e097dae2bfb5824cfc0",188,"LongAdjunctNoIsl",65,6,1119,22,"M","norsk","Nordland","norsk","norsk","BA","N",0.65327720996086
"967e16c7f9e40e097dae2bfb5824cfc0",280,"BF",306,4,535,22,"M","norsk","Nordland","norsk","norsk","BA","N",-0.298641010267822
"967e16c7f9e40e097dae2bfb5824cfc0",241,"ShortSubjectIsl",107,6,962,22,"M","norsk","Nordland","norsk","norsk","BA","N",0.65327720996086
"967e16c7f9e40e097dae2bfb5824cfc0",279,"BF",305,7,402,22,"M","norsk","Nordland","norsk","norsk","BA","N",1.1292363200752
"967e16c7f9e40e097dae2bfb5824cfc0",215,"ShortSubjectNoIsl",98,6,261,22,"M","norsk","Nordland","norsk","norsk","BA","N",0.65327720996086
"967e16c7f9e40e097dae2bfb5824cfc0",33,"shortWhetherIsl",20,1,434,22,"M","norsk","Nordland","norsk","norsk","BA","N",-1.72651834061085
"967e16c7f9e40e097dae2bfb5824cfc0",287,"BF",313,6,601,22,"M","norsk","Nordland","norsk","norsk","BA","N",0.65327720996086
"967e16c7f9e40e097dae2bfb5824cfc0",246,"LongSubjectIsl",108,3,415,22,"M","norsk","Nordland","norsk","norsk","BA","N",-0.774600120382163
"967e16c7f9e40e097dae2bfb5824cfc0",302,"BF",328,5,1351,22,"M","norsk","Nordland","norsk","norsk","BA","N",0.177318099846519
"967e16c7f9e40e097dae2bfb5824cfc0",68,"LongFordiNoIsl",6,7,936,22,"M","norsk","Nordland","norsk","norsk","BA","N",1.1292363200752
"967e16c7f9e40e097dae2bfb5824cfc0",312,"BF",206,2,448,22,"M","norsk","Nordland","norsk","norsk","BA","N",-1.2505592304965
"967e16c7f9e40e097dae2bfb5824cfc0",79,"ShortFordiNoIsl",9,5,542,22,"M","norsk","Nordland","norsk","norsk","BA","N",0.177318099846519
"967e16c7f9e40e097dae2bfb5824cfc0",236,"LongSubjectNoIsl",106,4,594,22,"M","norsk","Nordland","norsk","norsk","BA","N",-0.298641010267822
"967e16c7f9e40e097dae2bfb5824cfc0",282,"BF",308,5,397,22,"M","norsk","Nordland","norsk","norsk","BA","N",0.177318099846519
"967e16c7f9e40e097dae2bfb5824cfc0",167,"ShortAdjunctNoIsl",60,6,982,22,"M","norsk","Nordland","norsk","norsk","BA","N",0.65327720996086
"967e16c7f9e40e097dae2bfb5824cfc0",290,"BF",316,5,715,22,"M","norsk","Nordland","norsk","norsk","BA","N",0.177318099846519
"967e16c7f9e40e097dae2bfb5824cfc0",23,"shortWhetherNoI",18,6,1186,22,"M","norsk","Nordland","norsk","norsk","BA","N",0.65327720996086
"967e16c7f9e40e097dae2bfb5824cfc0",15,"localTop",601,7,487,22,"M","norsk","Nordland","norsk","norsk","BA","N",1.1292363200752
"967e16c7f9e40e097dae2bfb5824cfc0",94,"LongFordiIsl",12,4,871,22,"M","norsk","Nordland","norsk","norsk","BA","N",-0.298641010267822
"967e16c7f9e40e097dae2bfb5824cfc0",298,"BF",324,4,455,22,"M","norsk","Nordland","norsk","norsk","BA","N",-0.298641010267822
"967e16c7f9e40e097dae2bfb5824cfc0",38,"longWhetherIsla",21,5,463,22,"M","norsk","Nordland","norsk","norsk","BA","N",0.177318099846519
"a284e288685194005257df31f4df939e",71,"ShortFordiNoIsl",7,6,14597,26,"F","norsk","Helgeland","norsk","norsk","vgs","N",1.0532670951132
"a284e288685194005257df31f4df939e",297,"BF",323,2,5524,26,"F","norsk","Helgeland","norsk","norsk","vgs","N",-0.568366772079955
"a284e288685194005257df31f4df939e",207,"ShortAdjunctNoIsl",72,7,14738,26,"F","norsk","Helgeland","norsk","norsk","vgs","N",1.45867556191149
"a284e288685194005257df31f4df939e",286,"BF",312,4,9911,26,"F","norsk","Helgeland","norsk","norsk","vgs","N",0.242450161516624
"a284e288685194005257df31f4df939e",102,"LongFordiIsl",14,2,15637,26,"F","norsk","Helgeland","norsk","norsk","vgs","N",-0.568366772079955
"a284e288685194005257df31f4df939e",304,"BF",331,2,7308,26,"F","norsk","Helgeland","norsk","norsk","vgs","N",-0.568366772079955
"a284e288685194005257df31f4df939e",148,"LongAdjunctNoIsl",55,6,26844,26,"F","norsk","Helgeland","norsk","norsk","vgs","N",1.0532670951132
"a284e288685194005257df31f4df939e",201,"ShortAdjunctIsl",69,6,8568,26,"F","norsk","Helgeland","norsk","norsk","vgs","N",1.0532670951132
"a284e288685194005257df31f4df939e",287,"BF",313,1,8128,26,"F","norsk","Helgeland","norsk","norsk","vgs","N",-0.973775238878244
"a284e288685194005257df31f4df939e",158,"LongAdjunctIsl",57,7,8146,26,"F","norsk","Helgeland","norsk","norsk","vgs","N",1.45867556191149
"a284e288685194005257df31f4df939e",284,"BF",310,1,6744,26,"F","norsk","Helgeland","norsk","norsk","vgs","N",-0.973775238878244
"a284e288685194005257df31f4df939e",270,"LongSubjectIsl",118,1,16148,26,"F","norsk","Helgeland","norsk","norsk","vgs","N",-0.973775238878244
"a284e288685194005257df31f4df939e",310,"BF",204,1,9157,26,"F","norsk","Helgeland","norsk","norsk","vgs","N",-0.973775238878244
"a284e288685194005257df31f4df939e",87,"ShortFordiNoIsl",11,7,39753,26,"F","norsk","Helgeland","norsk","norsk","vgs","N",1.45867556191149
"a284e288685194005257df31f4df939e",271,"ShortSubjectNoIsl",120,7,13435,26,"F","norsk","Helgeland","norsk","norsk","vgs","N",1.45867556191149
"a284e288685194005257df31f4df939e",295,"BF",321,1,8006,26,"F","norsk","Helgeland","norsk","norsk","vgs","N",-0.973775238878244
"a284e288685194005257df31f4df939e",143,"ShortAdjunctNoIsl",54,3,23807,26,"F","norsk","Helgeland","norsk","norsk","vgs","N",-0.162958305281665
"a284e288685194005257df31f4df939e",307,"BF",201,1,12272,26,"F","norsk","Helgeland","norsk","norsk","vgs","N",-0.973775238878244
"a284e288685194005257df31f4df939e",86,"LongFordiIsl",10,1,10750,26,"F","norsk","Helgeland","norsk","norsk","vgs","N",-0.973775238878244
"a284e288685194005257df31f4df939e",296,"BF",322,1,10032,26,"F","norsk","Helgeland","norsk","norsk","vgs","N",-0.973775238878244
"a284e288685194005257df31f4df939e",180,"LongAdjunctNoIsl",63,6,19994,26,"F","norsk","Helgeland","norsk","norsk","vgs","N",1.0532670951132
"a284e288685194005257df31f4df939e",60,"LongFordiNoIsl",3,7,19252,26,"F","norsk","Helgeland","norsk","norsk","vgs","N",1.45867556191149
"a284e288685194005257df31f4df939e",301,"BF",327,2,11368,26,"F","norsk","Helgeland","norsk","norsk","vgs","N",-0.568366772079955
"a284e288685194005257df31f4df939e",97,"ShortFordiIsl",13,6,9327,26,"F","norsk","Helgeland","norsk","norsk","vgs","N",1.0532670951132
"a284e288685194005257df31f4df939e",283,"BF",309,1,7966,26,"F","norsk","Helgeland","norsk","norsk","vgs","N",-0.973775238878244
"a284e288685194005257df31f4df939e",217,"ShortSubjectIsl",98,2,16228,26,"F","norsk","Helgeland","norsk","norsk","vgs","N",-0.568366772079955
"a284e288685194005257df31f4df939e",15,"localTop",601,2,10496,26,"F","norsk","Helgeland","norsk","norsk","vgs","N",-0.568366772079955
"a284e288685194005257df31f4df939e",212,"LongSubjectNoIsl",97,6,12074,26,"F","norsk","Helgeland","norsk","norsk","vgs","N",1.0532670951132
"a284e288685194005257df31f4df939e",185,"ShortAdjunctIsl",64,5,49344,26,"F","norsk","Helgeland","norsk","norsk","vgs","N",0.647858628314914
"a284e288685194005257df31f4df939e",276,"BF",302,1,4459,26,"F","norsk","Helgeland","norsk","norsk","vgs","N",-0.973775238878244
"a284e288685194005257df31f4df939e",190,"LongAdjunctIsl",65,1,16929,26,"F","norsk","Helgeland","norsk","norsk","vgs","N",-0.973775238878244
"a284e288685194005257df31f4df939e",282,"BF",308,1,11568,26,"F","norsk","Helgeland","norsk","norsk","vgs","N",-0.973775238878244
"a284e288685194005257df31f4df939e",222,"LongSubjectIsl",99,1,14166,26,"F","norsk","Helgeland","norsk","norsk","vgs","N",-0.973775238878244
"a284e288685194005257df31f4df939e",312,"BF",206,1,51805,26,"F","norsk","Helgeland","norsk","norsk","vgs","N",-0.973775238878244
"a284e288685194005257df31f4df939e",103,"ShortFordiNoIsl",15,7,20020,26,"F","norsk","Helgeland","norsk","norsk","vgs","N",1.45867556191149
"a284e288685194005257df31f4df939e",255,"ShortSubjectNoIsl",113,7,7594,26,"F","norsk","Helgeland","norsk","norsk","vgs","N",1.45867556191149
"a284e288685194005257df31f4df939e",290,"BF",316,1,9676,26,"F","norsk","Helgeland","norsk","norsk","vgs","N",-0.973775238878244
"a284e288685194005257df31f4df939e",159,"ShortAdjunctNoIsl",58,7,15422,26,"F","norsk","Helgeland","norsk","norsk","vgs","N",1.45867556191149
"a284e288685194005257df31f4df939e",300,"BF",326,1,8549,26,"F","norsk","Helgeland","norsk","norsk","vgs","N",-0.973775238878244
"a284e288685194005257df31f4df939e",130,"LongFordiIsl",23,3,18309,26,"F","norsk","Helgeland","norsk","norsk","vgs","N",-0.162958305281665
"a284e288685194005257df31f4df939e",311,"BF",205,2,19838,26,"F","norsk","Helgeland","norsk","norsk","vgs","N",-0.568366772079955
"a284e288685194005257df31f4df939e",164,"LongAdjunctNoIsl",59,7,30553,26,"F","norsk","Helgeland","norsk","norsk","vgs","N",1.45867556191149
"a284e288685194005257df31f4df939e",92,"LongFordiNoIsl",12,6,10726,26,"F","norsk","Helgeland","norsk","norsk","vgs","N",1.0532670951132
"a284e288685194005257df31f4df939e",280,"BF",306,1,8346,26,"F","norsk","Helgeland","norsk","norsk","vgs","N",-0.973775238878244
"a284e288685194005257df31f4df939e",81,"ShortFordiIsl",9,7,15127,26,"F","norsk","Helgeland","norsk","norsk","vgs","N",1.45867556191149
"a284e288685194005257df31f4df939e",278,"BF",304,1,7630,26,"F","norsk","Helgeland","norsk","norsk","vgs","N",-0.973775238878244
"a284e288685194005257df31f4df939e",249,"ShortSubjectIsl",109,2,26026,26,"F","norsk","Helgeland","norsk","norsk","vgs","N",-0.568366772079955
"a284e288685194005257df31f4df939e",299,"BF",325,1,9037,26,"F","norsk","Helgeland","norsk","norsk","vgs","N",-0.973775238878244
"a284e288685194005257df31f4df939e",228,"LongSubjectNoIsl",103,4,15733,26,"F","norsk","Helgeland","norsk","norsk","vgs","N",0.242450161516624
"a284e288685194005257df31f4df939e",169,"ShortAdjunctIsl",60,7,7149,26,"F","norsk","Helgeland","norsk","norsk","vgs","N",1.45867556191149
"a284e288685194005257df31f4df939e",16,"localTop",602,2,7686,26,"F","norsk","Helgeland","norsk","norsk","vgs","N",-0.568366772079955
"a284e288685194005257df31f4df939e",206,"LongAdjunctIsl",71,6,22836,26,"F","norsk","Helgeland","norsk","norsk","vgs","N",1.0532670951132
"a284e288685194005257df31f4df939e",279,"BF",305,2,5765,26,"F","norsk","Helgeland","norsk","norsk","vgs","N",-0.568366772079955
"a284e288685194005257df31f4df939e",254,"LongSubjectIsl",110,3,15870,26,"F","norsk","Helgeland","norsk","norsk","vgs","N",-0.162958305281665
"a284e288685194005257df31f4df939e",314,"BF",208,1,10172,26,"F","norsk","Helgeland","norsk","norsk","vgs","N",-0.973775238878244
"a284e288685194005257df31f4df939e",115,"ShortFordiNoIsl",20,7,7620,26,"F","norsk","Helgeland","norsk","norsk","vgs","N",1.45867556191149
"a284e288685194005257df31f4df939e",303,"BF",329,1,8935,26,"F","norsk","Helgeland","norsk","norsk","vgs","N",-0.973775238878244
"a284e288685194005257df31f4df939e",239,"ShortSubjectNoIsl",107,6,42985,26,"F","norsk","Helgeland","norsk","norsk","vgs","N",1.0532670951132
"a284e288685194005257df31f4df939e",175,"ShortAdjunctNoIsl",62,7,27952,26,"F","norsk","Helgeland","norsk","norsk","vgs","N",1.45867556191149
"a284e288685194005257df31f4df939e",285,"BF",311,1,22369,26,"F","norsk","Helgeland","norsk","norsk","vgs","N",-0.973775238878244
"a284e288685194005257df31f4df939e",54,"LongFordiIsl",1,1,11677,26,"F","norsk","Helgeland","norsk","norsk","vgs","N",-0.973775238878244
"a284e288685194005257df31f4df939e",293,"BF",319,1,7805,26,"F","norsk","Helgeland","norsk","norsk","vgs","N",-0.973775238878244
"a284e288685194005257df31f4df939e",196,"LongAdjunctNoIsl",68,5,8779,26,"F","norsk","Helgeland","norsk","norsk","vgs","N",0.647858628314914
"a284e288685194005257df31f4df939e",292,"BF",318,1,19609,26,"F","norsk","Helgeland","norsk","norsk","vgs","N",-0.973775238878244
"a284e288685194005257df31f4df939e",76,"LongFordiNoIsl",8,2,17075,26,"F","norsk","Helgeland","norsk","norsk","vgs","N",-0.568366772079955
"a284e288685194005257df31f4df939e",65,"ShortFordiIsl",4,6,13609,26,"F","norsk","Helgeland","norsk","norsk","vgs","N",1.0532670951132
"a284e288685194005257df31f4df939e",289,"BF",315,1,14196,26,"F","norsk","Helgeland","norsk","norsk","vgs","N",-0.973775238878244
"a284e288685194005257df31f4df939e",233,"ShortSubjectIsl",104,5,32198,26,"F","norsk","Helgeland","norsk","norsk","vgs","N",0.647858628314914
"a284e288685194005257df31f4df939e",275,"BF",301,1,5035,26,"F","norsk","Helgeland","norsk","norsk","vgs","N",-0.973775238878244
"a284e288685194005257df31f4df939e",244,"LongSubjectNoIsl",108,5,19168,26,"F","norsk","Helgeland","norsk","norsk","vgs","N",0.647858628314914
"a284e288685194005257df31f4df939e",277,"BF",303,5,11751,26,"F","norsk","Helgeland","norsk","norsk","vgs","N",0.647858628314914
"a284e288685194005257df31f4df939e",137,"ShortAdjunctIsl",52,7,16394,26,"F","norsk","Helgeland","norsk","norsk","vgs","N",1.45867556191149
"a284e288685194005257df31f4df939e",174,"LongAdjunctIsl",61,3,12860,26,"F","norsk","Helgeland","norsk","norsk","vgs","N",-0.162958305281665
"a284e288685194005257df31f4df939e",309,"BF",203,1,9787,26,"F","norsk","Helgeland","norsk","norsk","vgs","N",-0.973775238878244
"a284e288685194005257df31f4df939e",238,"LongSubjectIsl",106,1,13485,26,"F","norsk","Helgeland","norsk","norsk","vgs","N",-0.973775238878244
"a284e288685194005257df31f4df939e",17,"localTop",603,1,5977,26,"F","norsk","Helgeland","norsk","norsk","vgs","N",-0.973775238878244
"a284e288685194005257df31f4df939e",55,"ShortFordiNoIsl",2,7,6892,26,"F","norsk","Helgeland","norsk","norsk","vgs","N",1.45867556191149
"a284e288685194005257df31f4df939e",306,"BF",213,1,5848,26,"F","norsk","Helgeland","norsk","norsk","vgs","N",-0.973775238878244
"a284e288685194005257df31f4df939e",223,"ShortSubjectNoIsl",100,7,7698,26,"F","norsk","Helgeland","norsk","norsk","vgs","N",1.45867556191149
"a284e288685194005257df31f4df939e",191,"ShortAdjunctNoIsl",66,7,9944,26,"F","norsk","Helgeland","norsk","norsk","vgs","N",1.45867556191149
"a284e288685194005257df31f4df939e",302,"BF",328,2,8615,26,"F","norsk","Helgeland","norsk","norsk","vgs","N",-0.568366772079955
"a284e288685194005257df31f4df939e",30,"longWhetherIsla",19,2,6155,26,"F","norsk","Helgeland","norsk","norsk","vgs","N",-0.568366772079955
"a284e288685194005257df31f4df939e",313,"BF",207,1,8406,26,"F","norsk","Helgeland","norsk","norsk","vgs","N",-0.973775238878244
"a284e288685194005257df31f4df939e",70,"LongFordiIsl",6,1,8148,26,"F","norsk","Helgeland","norsk","norsk","vgs","N",-0.973775238878244
"a284e288685194005257df31f4df939e",298,"BF",324,1,4686,26,"F","norsk","Helgeland","norsk","norsk","vgs","N",-0.973775238878244
"a284e288685194005257df31f4df939e",132,"LongAdjunctNoIsl",50,6,20200,26,"F","norsk","Helgeland","norsk","norsk","vgs","N",1.0532670951132
"a284e288685194005257df31f4df939e",120,"LongFordiNoIsl",21,6,6160,26,"F","norsk","Helgeland","norsk","norsk","vgs","N",1.0532670951132
"a284e288685194005257df31f4df939e",291,"BF",317,2,8643,26,"F","norsk","Helgeland","norsk","norsk","vgs","N",-0.568366772079955
"a284e288685194005257df31f4df939e",125,"ShortFordiIsl",22,6,13334,26,"F","norsk","Helgeland","norsk","norsk","vgs","N",1.0532670951132
"a284e288685194005257df31f4df939e",281,"BF",307,1,7042,26,"F","norsk","Helgeland","norsk","norsk","vgs","N",-0.973775238878244
"a284e288685194005257df31f4df939e",47,"shortWhetherNoI",24,7,10973,26,"F","norsk","Helgeland","norsk","norsk","vgs","N",1.45867556191149
"a284e288685194005257df31f4df939e",294,"BF",320,1,4653,26,"F","norsk","Helgeland","norsk","norsk","vgs","N",-0.973775238878244
"a284e288685194005257df31f4df939e",265,"ShortSubjectIsl",117,6,17294,26,"F","norsk","Helgeland","norsk","norsk","vgs","N",1.0532670951132
"a284e288685194005257df31f4df939e",260,"LongSubjectNoIsl",116,3,12311,26,"F","norsk","Helgeland","norsk","norsk","vgs","N",-0.162958305281665
"a284e288685194005257df31f4df939e",308,"BF",202,1,5489,26,"F","norsk","Helgeland","norsk","norsk","vgs","N",-0.973775238878244
"a284e288685194005257df31f4df939e",25,"shortWhetherIsl",18,5,6076,26,"F","norsk","Helgeland","norsk","norsk","vgs","N",0.647858628314914
"a284e288685194005257df31f4df939e",288,"BF",314,1,10146,26,"F","norsk","Helgeland","norsk","norsk","vgs","N",-0.973775238878244
"a284e288685194005257df31f4df939e",20,"longWhetherNoI",17,7,7660,26,"F","norsk","Helgeland","norsk","norsk","vgs","N",1.45867556191149
"a284e288685194005257df31f4df939e",305,"BF",332,1,12285,26,"F","norsk","Helgeland","norsk","norsk","vgs","N",-0.973775238878244
"a284e288685194005257df31f4df939e",153,"ShortAdjunctIsl",56,5,28370,26,"F","norsk","Helgeland","norsk","norsk","vgs","N",0.647858628314914
"a284e288685194005257df31f4df939e",18,"localTop",604,3,7367,26,"F","norsk","Helgeland","norsk","norsk","vgs","N",-0.162958305281665
"a284e288685194005257df31f4df939e",142,"LongAdjunctIsl",53,2,6872,26,"F","norsk","Helgeland","norsk","norsk","vgs","N",-0.568366772079955
"a5c1319a93afcc390e903177e2112923",68,"LongFordiNoIsl",6,7,9449,28,"M","norsk","Sunnmøre","norsk","norsk","vgs","N",1.09087468309898
"a5c1319a93afcc390e903177e2112923",302,"BF",328,4,12475,28,"M","norsk","Sunnmøre","norsk","norsk","vgs","N",0.0105910163407668
"a5c1319a93afcc390e903177e2112923",198,"LongAdjunctIsl",68,2,7894,28,"M","norsk","Sunnmøre","norsk","norsk","vgs","N",-0.709598094831378
"a5c1319a93afcc390e903177e2112923",276,"BF",302,1,3385,28,"M","norsk","Sunnmøre","norsk","norsk","vgs","N",-1.06969265041745
"a5c1319a93afcc390e903177e2112923",204,"LongAdjunctNoIsl",71,7,6429,28,"M","norsk","Sunnmøre","norsk","norsk","vgs","N",1.09087468309898
"a5c1319a93afcc390e903177e2112923",313,"BF",207,1,5959,28,"M","norsk","Sunnmøre","norsk","norsk","vgs","N",-1.06969265041745
"a5c1319a93afcc390e903177e2112923",199,"ShortAdjunctNoIsl",69,7,11896,28,"M","norsk","Sunnmøre","norsk","norsk","vgs","N",1.09087468309898
"a5c1319a93afcc390e903177e2112923",145,"ShortAdjunctIsl",54,2,12828,28,"M","norsk","Sunnmøre","norsk","norsk","vgs","N",-0.709598094831378
"a5c1319a93afcc390e903177e2112923",277,"BF",303,1,5036,28,"M","norsk","Sunnmøre","norsk","norsk","vgs","N",-1.06969265041745
"a5c1319a93afcc390e903177e2112923",105,"ShortFordiIsl",15,6,16785,28,"M","norsk","Sunnmøre","norsk","norsk","vgs","N",0.730780127512911
"a5c1319a93afcc390e903177e2112923",305,"BF",332,1,6801,28,"M","norsk","Sunnmøre","norsk","norsk","vgs","N",-1.06969265041745
"a5c1319a93afcc390e903177e2112923",215,"ShortSubjectNoIsl",98,7,7425,28,"M","norsk","Sunnmøre","norsk","norsk","vgs","N",1.09087468309898
"a5c1319a93afcc390e903177e2112923",294,"BF",320,1,4688,28,"M","norsk","Sunnmøre","norsk","norsk","vgs","N",-1.06969265041745
"a5c1319a93afcc390e903177e2112923",100,"LongFordiNoIsl",14,4,13976,28,"M","norsk","Sunnmøre","norsk","norsk","vgs","N",0.0105910163407668
"a5c1319a93afcc390e903177e2112923",63,"ShortFordiNoIsl",4,7,6267,28,"M","norsk","Sunnmøre","norsk","norsk","vgs","N",1.09087468309898
"a5c1319a93afcc390e903177e2112923",292,"BF",318,1,4364,28,"M","norsk","Sunnmøre","norsk","norsk","vgs","N",-1.06969265041745
"a5c1319a93afcc390e903177e2112923",236,"LongSubjectNoIsl",106,7,4487,28,"M","norsk","Sunnmøre","norsk","norsk","vgs","N",1.09087468309898
"a5c1319a93afcc390e903177e2112923",283,"BF",309,1,5008,28,"M","norsk","Sunnmøre","norsk","norsk","vgs","N",-1.06969265041745
"a5c1319a93afcc390e903177e2112923",150,"LongAdjunctIsl",55,1,12217,28,"M","norsk","Sunnmøre","norsk","norsk","vgs","N",-1.06969265041745
"a5c1319a93afcc390e903177e2112923",314,"BF",208,1,8407,28,"M","norsk","Sunnmøre","norsk","norsk","vgs","N",-1.06969265041745
"a5c1319a93afcc390e903177e2112923",156,"LongAdjunctNoIsl",57,7,8079,28,"M","norsk","Sunnmøre","norsk","norsk","vgs","N",1.09087468309898
"a5c1319a93afcc390e903177e2112923",62,"LongFordiIsl",3,1,5853,28,"M","norsk","Sunnmøre","norsk","norsk","vgs","N",-1.06969265041745
"a5c1319a93afcc390e903177e2112923",306,"BF",213,1,3733,28,"M","norsk","Sunnmøre","norsk","norsk","vgs","N",-1.06969265041745
"a5c1319a93afcc390e903177e2112923",262,"LongSubjectIsl",116,1,6095,28,"M","norsk","Sunnmøre","norsk","norsk","vgs","N",-1.06969265041745
"a5c1319a93afcc390e903177e2112923",310,"BF",204,1,51404,28,"M","norsk","Sunnmøre","norsk","norsk","vgs","N",-1.06969265041745
"a5c1319a93afcc390e903177e2112923",183,"ShortAdjunctNoIsl",64,7,5709,28,"M","norsk","Sunnmøre","norsk","norsk","vgs","N",1.09087468309898
"a5c1319a93afcc390e903177e2112923",17,"localTop",603,1,3013,28,"M","norsk","Sunnmøre","norsk","norsk","vgs","N",-1.06969265041745
"a5c1319a93afcc390e903177e2112923",273,"ShortSubjectIsl",120,7,35012,28,"M","norsk","Sunnmøre","norsk","norsk","vgs","N",1.09087468309898
"a5c1319a93afcc390e903177e2112923",193,"ShortAdjunctIsl",66,7,5853,28,"M","norsk","Sunnmøre","norsk","norsk","vgs","N",1.09087468309898
"a5c1319a93afcc390e903177e2112923",284,"BF",310,1,5729,28,"M","norsk","Sunnmøre","norsk","norsk","vgs","N",-1.06969265041745
"a5c1319a93afcc390e903177e2112923",57,"ShortFordiIsl",2,7,4605,28,"M","norsk","Sunnmøre","norsk","norsk","vgs","N",1.09087468309898
"a5c1319a93afcc390e903177e2112923",303,"BF",329,1,5690,28,"M","norsk","Sunnmøre","norsk","norsk","vgs","N",-1.06969265041745
"a5c1319a93afcc390e903177e2112923",263,"ShortSubjectNoIsl",117,7,14147,28,"M","norsk","Sunnmøre","norsk","norsk","vgs","N",1.09087468309898
"a5c1319a93afcc390e903177e2112923",291,"BF",317,1,13196,28,"M","norsk","Sunnmøre","norsk","norsk","vgs","N",-1.06969265041745
"a5c1319a93afcc390e903177e2112923",112,"LongFordiNoIsl",19,4,86986,28,"M","norsk","Sunnmøre","norsk","norsk","vgs","N",0.0105910163407668
"a5c1319a93afcc390e903177e2112923",268,"LongSubjectNoIsl",118,5,9213,28,"M","norsk","Sunnmøre","norsk","norsk","vgs","N",0.370685571926839
"a5c1319a93afcc390e903177e2112923",278,"BF",304,1,2970,28,"M","norsk","Sunnmøre","norsk","norsk","vgs","N",-1.06969265041745
"a5c1319a93afcc390e903177e2112923",182,"LongAdjunctIsl",63,6,7418,28,"M","norsk","Sunnmøre","norsk","norsk","vgs","N",0.730780127512911
"a5c1319a93afcc390e903177e2112923",286,"BF",312,1,3433,28,"M","norsk","Sunnmøre","norsk","norsk","vgs","N",-1.06969265041745
"a5c1319a93afcc390e903177e2112923",172,"LongAdjunctNoIsl",61,6,9931,28,"M","norsk","Sunnmøre","norsk","norsk","vgs","N",0.730780127512911
"a5c1319a93afcc390e903177e2112923",298,"BF",324,1,3697,28,"M","norsk","Sunnmøre","norsk","norsk","vgs","N",-1.06969265041745
"a5c1319a93afcc390e903177e2112923",122,"LongFordiIsl",21,7,8823,28,"M","norsk","Sunnmøre","norsk","norsk","vgs","N",1.09087468309898
"a5c1319a93afcc390e903177e2112923",230,"LongSubjectIsl",103,2,6631,28,"M","norsk","Sunnmøre","norsk","norsk","vgs","N",-0.709598094831378
"a5c1319a93afcc390e903177e2112923",290,"BF",316,1,2962,28,"M","norsk","Sunnmøre","norsk","norsk","vgs","N",-1.06969265041745
"a5c1319a93afcc390e903177e2112923",151,"ShortAdjunctNoIsl",56,6,5935,28,"M","norsk","Sunnmøre","norsk","norsk","vgs","N",0.730780127512911
"a5c1319a93afcc390e903177e2112923",281,"BF",307,1,2002,28,"M","norsk","Sunnmøre","norsk","norsk","vgs","N",-1.06969265041745
"a5c1319a93afcc390e903177e2112923",241,"ShortSubjectIsl",107,7,6722,28,"M","norsk","Sunnmøre","norsk","norsk","vgs","N",1.09087468309898
"a5c1319a93afcc390e903177e2112923",287,"BF",313,1,3867,28,"M","norsk","Sunnmøre","norsk","norsk","vgs","N",-1.06969265041745
"a5c1319a93afcc390e903177e2112923",39,"shortWhetherNoI",22,7,44668,28,"M","norsk","Sunnmøre","norsk","norsk","vgs","N",1.09087468309898
"a5c1319a93afcc390e903177e2112923",161,"ShortAdjunctIsl",58,6,5977,28,"M","norsk","Sunnmøre","norsk","norsk","vgs","N",0.730780127512911
"a5c1319a93afcc390e903177e2112923",16,"localTop",602,6,8252,28,"M","norsk","Sunnmøre","norsk","norsk","vgs","N",0.730780127512911
"a5c1319a93afcc390e903177e2112923",73,"ShortFordiIsl",7,7,4861,28,"M","norsk","Sunnmøre","norsk","norsk","vgs","N",1.09087468309898
"a5c1319a93afcc390e903177e2112923",295,"BF",321,1,7113,28,"M","norsk","Sunnmøre","norsk","norsk","vgs","N",-1.06969265041745
"a5c1319a93afcc390e903177e2112923",231,"ShortSubjectNoIsl",104,7,7096,28,"M","norsk","Sunnmøre","norsk","norsk","vgs","N",1.09087468309898
"a5c1319a93afcc390e903177e2112923",293,"BF",319,1,3367,28,"M","norsk","Sunnmøre","norsk","norsk","vgs","N",-1.06969265041745
"a5c1319a93afcc390e903177e2112923",52,"LongFordiNoIsl",1,6,6248,28,"M","norsk","Sunnmøre","norsk","norsk","vgs","N",0.730780127512911
"a5c1319a93afcc390e903177e2112923",299,"BF",325,1,23423,28,"M","norsk","Sunnmøre","norsk","norsk","vgs","N",-1.06969265041745
"a5c1319a93afcc390e903177e2112923",95,"ShortFordiNoIsl",13,7,5551,28,"M","norsk","Sunnmøre","norsk","norsk","vgs","N",1.09087468309898
"a5c1319a93afcc390e903177e2112923",252,"LongSubjectNoIsl",110,7,4202,28,"M","norsk","Sunnmøre","norsk","norsk","vgs","N",1.09087468309898
"a5c1319a93afcc390e903177e2112923",300,"BF",326,1,2699,28,"M","norsk","Sunnmøre","norsk","norsk","vgs","N",-1.06969265041745
"a5c1319a93afcc390e903177e2112923",166,"LongAdjunctIsl",59,1,3242,28,"M","norsk","Sunnmøre","norsk","norsk","vgs","N",-1.06969265041745
"a5c1319a93afcc390e903177e2112923",282,"BF",308,1,5563,28,"M","norsk","Sunnmøre","norsk","norsk","vgs","N",-1.06969265041745
"a5c1319a93afcc390e903177e2112923",188,"LongAdjunctNoIsl",65,3,5274,28,"M","norsk","Sunnmøre","norsk","norsk","vgs","N",-0.349503539245305
"a5c1319a93afcc390e903177e2112923",312,"BF",206,1,4205,28,"M","norsk","Sunnmøre","norsk","norsk","vgs","N",-1.06969265041745
"a5c1319a93afcc390e903177e2112923",78,"LongFordiIsl",8,1,4854,28,"M","norsk","Sunnmøre","norsk","norsk","vgs","N",-1.06969265041745
"a5c1319a93afcc390e903177e2112923",246,"LongSubjectIsl",108,1,4881,28,"M","norsk","Sunnmøre","norsk","norsk","vgs","N",-1.06969265041745
"a5c1319a93afcc390e903177e2112923",288,"BF",314,1,205931,28,"M","norsk","Sunnmøre","norsk","norsk","vgs","N",-1.06969265041745
"a5c1319a93afcc390e903177e2112923",167,"ShortAdjunctNoIsl",60,7,5284,28,"M","norsk","Sunnmøre","norsk","norsk","vgs","N",1.09087468309898
"a5c1319a93afcc390e903177e2112923",289,"BF",315,7,5272,28,"M","norsk","Sunnmøre","norsk","norsk","vgs","N",1.09087468309898
"a5c1319a93afcc390e903177e2112923",257,"ShortSubjectIsl",113,7,6459,28,"M","norsk","Sunnmøre","norsk","norsk","vgs","N",1.09087468309898
"a5c1319a93afcc390e903177e2112923",279,"BF",305,1,2625,28,"M","norsk","Sunnmøre","norsk","norsk","vgs","N",-1.06969265041745
"a5c1319a93afcc390e903177e2112923",209,"ShortAdjunctIsl",72,7,231406,28,"M","norsk","Sunnmøre","norsk","norsk","vgs","N",1.09087468309898
"a5c1319a93afcc390e903177e2112923",117,"ShortFordiIsl",20,7,15428,28,"M","norsk","Sunnmøre","norsk","norsk","vgs","N",1.09087468309898
"a5c1319a93afcc390e903177e2112923",280,"BF",306,7,6019,28,"M","norsk","Sunnmøre","norsk","norsk","vgs","N",1.09087468309898
"a5c1319a93afcc390e903177e2112923",247,"ShortSubjectNoIsl",109,7,6904,28,"M","norsk","Sunnmøre","norsk","norsk","vgs","N",1.09087468309898
"a5c1319a93afcc390e903177e2112923",18,"localTop",604,7,5583,28,"M","norsk","Sunnmøre","norsk","norsk","vgs","N",1.09087468309898
"a5c1319a93afcc390e903177e2112923",84,"LongFordiNoIsl",10,6,6772,28,"M","norsk","Sunnmøre","norsk","norsk","vgs","N",0.730780127512911
"a5c1319a93afcc390e903177e2112923",304,"BF",331,1,5435,28,"M","norsk","Sunnmøre","norsk","norsk","vgs","N",-1.06969265041745
"a5c1319a93afcc390e903177e2112923",79,"ShortFordiNoIsl",9,7,7311,28,"M","norsk","Sunnmøre","norsk","norsk","vgs","N",1.09087468309898
"a5c1319a93afcc390e903177e2112923",220,"LongSubjectNoIsl",99,7,10595,28,"M","norsk","Sunnmøre","norsk","norsk","vgs","N",1.09087468309898
"a5c1319a93afcc390e903177e2112923",275,"BF",301,1,5569,28,"M","norsk","Sunnmøre","norsk","norsk","vgs","N",-1.06969265041745
"a5c1319a93afcc390e903177e2112923",44,"longWhetherNoI",23,7,5211,28,"M","norsk","Sunnmøre","norsk","norsk","vgs","N",1.09087468309898
"a5c1319a93afcc390e903177e2112923",308,"BF",202,1,8226,28,"M","norsk","Sunnmøre","norsk","norsk","vgs","N",-1.06969265041745
"a5c1319a93afcc390e903177e2112923",134,"LongAdjunctIsl",50,6,3495,28,"M","norsk","Sunnmøre","norsk","norsk","vgs","N",0.730780127512911
"a5c1319a93afcc390e903177e2112923",307,"BF",201,1,7070,28,"M","norsk","Sunnmøre","norsk","norsk","vgs","N",-1.06969265041745
"a5c1319a93afcc390e903177e2112923",140,"LongAdjunctNoIsl",53,6,7262,28,"M","norsk","Sunnmøre","norsk","norsk","vgs","N",0.730780127512911
"a5c1319a93afcc390e903177e2112923",94,"LongFordiIsl",12,4,7036,28,"M","norsk","Sunnmøre","norsk","norsk","vgs","N",0.0105910163407668
"a5c1319a93afcc390e903177e2112923",297,"BF",323,4,5775,28,"M","norsk","Sunnmøre","norsk","norsk","vgs","N",0.0105910163407668
"a5c1319a93afcc390e903177e2112923",214,"LongSubjectIsl",97,1,6988,28,"M","norsk","Sunnmøre","norsk","norsk","vgs","N",-1.06969265041745
"a5c1319a93afcc390e903177e2112923",301,"BF",327,3,4561,28,"M","norsk","Sunnmøre","norsk","norsk","vgs","N",-0.349503539245305
"a5c1319a93afcc390e903177e2112923",135,"ShortAdjunctNoIsl",52,7,13836,28,"M","norsk","Sunnmøre","norsk","norsk","vgs","N",1.09087468309898
"a5c1319a93afcc390e903177e2112923",296,"BF",322,1,6206,28,"M","norsk","Sunnmøre","norsk","norsk","vgs","N",-1.06969265041745
"a5c1319a93afcc390e903177e2112923",225,"ShortSubjectIsl",100,7,4373,28,"M","norsk","Sunnmøre","norsk","norsk","vgs","N",1.09087468309898
"a5c1319a93afcc390e903177e2112923",23,"shortWhetherNoI",18,7,4161,28,"M","norsk","Sunnmøre","norsk","norsk","vgs","N",1.09087468309898
"a5c1319a93afcc390e903177e2112923",309,"BF",203,1,2945,28,"M","norsk","Sunnmøre","norsk","norsk","vgs","N",-1.06969265041745
"a5c1319a93afcc390e903177e2112923",49,"shortWhetherIsl",24,7,5390,28,"M","norsk","Sunnmøre","norsk","norsk","vgs","N",1.09087468309898
"a5c1319a93afcc390e903177e2112923",285,"BF",311,1,16656,28,"M","norsk","Sunnmøre","norsk","norsk","vgs","N",-1.06969265041745
"a5c1319a93afcc390e903177e2112923",177,"ShortAdjunctIsl",62,7,4051,28,"M","norsk","Sunnmøre","norsk","norsk","vgs","N",1.09087468309898
"a5c1319a93afcc390e903177e2112923",311,"BF",205,1,7765,28,"M","norsk","Sunnmøre","norsk","norsk","vgs","N",-1.06969265041745
"a5c1319a93afcc390e903177e2112923",89,"ShortFordiIsl",11,7,5543,28,"M","norsk","Sunnmøre","norsk","norsk","vgs","N",1.09087468309898
"a5c1319a93afcc390e903177e2112923",15,"localTop",601,7,7016,28,"M","norsk","Sunnmøre","norsk","norsk","vgs","N",1.09087468309898
"a5c1319a93afcc390e903177e2112923",22,"longWhetherIsla",17,6,4373,28,"M","norsk","Sunnmøre","norsk","norsk","vgs","N",0.730780127512911
"a7810838cad7489e4dbce9b1a95c4f84",179,"ShortAdjunctNoIsl",63,7,25517,22,"M","norsk","Trøndersk","norsk","norsk","vgs","N",1.37017548559198
"a7810838cad7489e4dbce9b1a95c4f84",205,"ShortAdjunctIsl",71,7,8448,22,"M","norsk","Trøndersk","norsk","norsk","vgs","N",1.37017548559198
"a7810838cad7489e4dbce9b1a95c4f84",283,"BF",309,1,13863,22,"M","norsk","Trøndersk","norsk","norsk","vgs","N",-1.21793376497065
"a7810838cad7489e4dbce9b1a95c4f84",184,"LongAdjunctNoIsl",64,1,76126,22,"M","norsk","Trøndersk","norsk","norsk","vgs","N",-1.21793376497065
"a7810838cad7489e4dbce9b1a95c4f84",287,"BF",313,1,11996,22,"M","norsk","Trøndersk","norsk","norsk","vgs","N",-1.21793376497065
"a7810838cad7489e4dbce9b1a95c4f84",53,"ShortFordiIsl",1,7,16910,22,"M","norsk","Trøndersk","norsk","norsk","vgs","N",1.37017548559198
"a7810838cad7489e4dbce9b1a95c4f84",300,"BF",326,2,11067,22,"M","norsk","Trøndersk","norsk","norsk","vgs","N",-0.786582223210211
"a7810838cad7489e4dbce9b1a95c4f84",178,"LongAdjunctIsl",62,5,11449,22,"M","norsk","Trøndersk","norsk","norsk","vgs","N",0.507472402071104
"a7810838cad7489e4dbce9b1a95c4f84",64,"LongFordiNoIsl",4,7,5986,22,"M","norsk","Trøndersk","norsk","norsk","vgs","N",1.37017548559198
"a7810838cad7489e4dbce9b1a95c4f84",294,"BF",320,1,29313,22,"M","norsk","Trøndersk","norsk","norsk","vgs","N",-1.21793376497065
"a7810838cad7489e4dbce9b1a95c4f84",195,"ShortAdjunctNoIsl",68,6,13405,22,"M","norsk","Trøndersk","norsk","norsk","vgs","N",0.938823943831542
"a7810838cad7489e4dbce9b1a95c4f84",293,"BF",319,1,59386,22,"M","norsk","Trøndersk","norsk","norsk","vgs","N",-1.21793376497065
"a7810838cad7489e4dbce9b1a95c4f84",173,"ShortAdjunctIsl",61,5,28229,22,"M","norsk","Trøndersk","norsk","norsk","vgs","N",0.507472402071104
"a7810838cad7489e4dbce9b1a95c4f84",306,"BF",213,1,14088,22,"M","norsk","Trøndersk","norsk","norsk","vgs","N",-1.21793376497065
"a7810838cad7489e4dbce9b1a95c4f84",168,"LongAdjunctNoIsl",60,2,28903,22,"M","norsk","Trøndersk","norsk","norsk","vgs","N",-0.786582223210211
"a7810838cad7489e4dbce9b1a95c4f84",101,"ShortFordiIsl",14,2,12001,22,"M","norsk","Trøndersk","norsk","norsk","vgs","N",-0.786582223210211
"a7810838cad7489e4dbce9b1a95c4f84",302,"BF",328,2,12265,22,"M","norsk","Trøndersk","norsk","norsk","vgs","N",-0.786582223210211
"a7810838cad7489e4dbce9b1a95c4f84",237,"ShortSubjectIsl",106,6,11517,22,"M","norsk","Trøndersk","norsk","norsk","vgs","N",0.938823943831542
"a7810838cad7489e4dbce9b1a95c4f84",314,"BF",208,2,18456,22,"M","norsk","Trøndersk","norsk","norsk","vgs","N",-0.786582223210211
"a7810838cad7489e4dbce9b1a95c4f84",75,"ShortFordiNoIsl",8,6,17999,22,"M","norsk","Trøndersk","norsk","norsk","vgs","N",0.938823943831542
"a7810838cad7489e4dbce9b1a95c4f84",310,"BF",204,1,81660,22,"M","norsk","Trøndersk","norsk","norsk","vgs","N",-1.21793376497065
"a7810838cad7489e4dbce9b1a95c4f84",226,"LongSubjectIsl",100,1,59594,22,"M","norsk","Trøndersk","norsk","norsk","vgs","N",-1.21793376497065
"a7810838cad7489e4dbce9b1a95c4f84",106,"LongFordiIsl",15,2,14404,22,"M","norsk","Trøndersk","norsk","norsk","vgs","N",-0.786582223210211
"a7810838cad7489e4dbce9b1a95c4f84",296,"BF",322,2,19954,22,"M","norsk","Trøndersk","norsk","norsk","vgs","N",-0.786582223210211
"a7810838cad7489e4dbce9b1a95c4f84",264,"LongSubjectNoIsl",117,7,11593,22,"M","norsk","Trøndersk","norsk","norsk","vgs","N",1.37017548559198
"a7810838cad7489e4dbce9b1a95c4f84",17,"localTop",603,5,24152,22,"M","norsk","Trøndersk","norsk","norsk","vgs","N",0.507472402071104
"a7810838cad7489e4dbce9b1a95c4f84",210,"LongAdjunctIsl",72,4,29631,22,"M","norsk","Trøndersk","norsk","norsk","vgs","N",0.0761208603106655
"a7810838cad7489e4dbce9b1a95c4f84",285,"BF",311,4,37813,22,"M","norsk","Trøndersk","norsk","norsk","vgs","N",0.0761208603106655
"a7810838cad7489e4dbce9b1a95c4f84",211,"ShortSubjectNoIsl",97,7,11569,22,"M","norsk","Trøndersk","norsk","norsk","vgs","N",1.37017548559198
"a7810838cad7489e4dbce9b1a95c4f84",124,"LongFordiNoIsl",22,7,28989,22,"M","norsk","Trøndersk","norsk","norsk","vgs","N",1.37017548559198
"a7810838cad7489e4dbce9b1a95c4f84",299,"BF",325,2,13505,22,"M","norsk","Trøndersk","norsk","norsk","vgs","N",-0.786582223210211
"a7810838cad7489e4dbce9b1a95c4f84",34,"longWhetherIsla",20,3,9052,22,"M","norsk","Trøndersk","norsk","norsk","vgs","N",-0.355230681449773
"a7810838cad7489e4dbce9b1a95c4f84",312,"BF",206,1,48985,22,"M","norsk","Trøndersk","norsk","norsk","vgs","N",-1.21793376497065
"a7810838cad7489e4dbce9b1a95c4f84",131,"ShortAdjunctNoIsl",50,6,15856,22,"M","norsk","Trøndersk","norsk","norsk","vgs","N",0.938823943831542
"a7810838cad7489e4dbce9b1a95c4f84",291,"BF",317,2,8069,22,"M","norsk","Trøndersk","norsk","norsk","vgs","N",-0.786582223210211
"a7810838cad7489e4dbce9b1a95c4f84",141,"ShortAdjunctIsl",53,6,12134,22,"M","norsk","Trøndersk","norsk","norsk","vgs","N",0.938823943831542
"a7810838cad7489e4dbce9b1a95c4f84",152,"LongAdjunctNoIsl",56,3,257389,22,"M","norsk","Trøndersk","norsk","norsk","vgs","N",-0.355230681449773
"a7810838cad7489e4dbce9b1a95c4f84",284,"BF",310,1,138119,22,"M","norsk","Trøndersk","norsk","norsk","vgs","N",-1.21793376497065
"a7810838cad7489e4dbce9b1a95c4f84",85,"ShortFordiIsl",10,7,73669,22,"M","norsk","Trøndersk","norsk","norsk","vgs","N",1.37017548559198
"a7810838cad7489e4dbce9b1a95c4f84",290,"BF",316,1,33881,22,"M","norsk","Trøndersk","norsk","norsk","vgs","N",-1.21793376497065
"a7810838cad7489e4dbce9b1a95c4f84",269,"ShortSubjectIsl",118,6,15917,22,"M","norsk","Trøndersk","norsk","norsk","vgs","N",0.938823943831542
"a7810838cad7489e4dbce9b1a95c4f84",301,"BF",327,3,10319,22,"M","norsk","Trøndersk","norsk","norsk","vgs","N",-0.355230681449773
"a7810838cad7489e4dbce9b1a95c4f84",119,"ShortFordiNoIsl",21,5,12862,22,"M","norsk","Trøndersk","norsk","norsk","vgs","N",0.507472402071104
"a7810838cad7489e4dbce9b1a95c4f84",258,"LongSubjectIsl",113,2,19790,22,"M","norsk","Trøndersk","norsk","norsk","vgs","N",-0.786582223210211
"a7810838cad7489e4dbce9b1a95c4f84",276,"BF",302,1,12998,22,"M","norsk","Trøndersk","norsk","norsk","vgs","N",-1.21793376497065
"a7810838cad7489e4dbce9b1a95c4f84",90,"LongFordiIsl",11,3,64201,22,"M","norsk","Trøndersk","norsk","norsk","vgs","N",-0.355230681449773
"a7810838cad7489e4dbce9b1a95c4f84",295,"BF",321,2,22469,22,"M","norsk","Trøndersk","norsk","norsk","vgs","N",-0.786582223210211
"a7810838cad7489e4dbce9b1a95c4f84",248,"LongSubjectNoIsl",109,4,32974,22,"M","norsk","Trøndersk","norsk","norsk","vgs","N",0.0761208603106655
"a7810838cad7489e4dbce9b1a95c4f84",18,"localTop",604,6,9724,22,"M","norsk","Trøndersk","norsk","norsk","vgs","N",0.938823943831542
"a7810838cad7489e4dbce9b1a95c4f84",194,"LongAdjunctIsl",66,5,45030,22,"M","norsk","Trøndersk","norsk","norsk","vgs","N",0.507472402071104
"a7810838cad7489e4dbce9b1a95c4f84",227,"ShortSubjectNoIsl",103,6,18549,22,"M","norsk","Trøndersk","norsk","norsk","vgs","N",0.938823943831542
"a7810838cad7489e4dbce9b1a95c4f84",297,"BF",323,5,23486,22,"M","norsk","Trøndersk","norsk","norsk","vgs","N",0.507472402071104
"a7810838cad7489e4dbce9b1a95c4f84",96,"LongFordiNoIsl",13,6,38748,22,"M","norsk","Trøndersk","norsk","norsk","vgs","N",0.938823943831542
"a7810838cad7489e4dbce9b1a95c4f84",275,"BF",301,1,12233,22,"M","norsk","Trøndersk","norsk","norsk","vgs","N",-1.21793376497065
"a7810838cad7489e4dbce9b1a95c4f84",147,"ShortAdjunctNoIsl",55,7,9890,22,"M","norsk","Trøndersk","norsk","norsk","vgs","N",1.37017548559198
"a7810838cad7489e4dbce9b1a95c4f84",298,"BF",324,1,13432,22,"M","norsk","Trøndersk","norsk","norsk","vgs","N",-1.21793376497065
"a7810838cad7489e4dbce9b1a95c4f84",157,"ShortAdjunctIsl",57,7,11870,22,"M","norsk","Trøndersk","norsk","norsk","vgs","N",1.37017548559198
"a7810838cad7489e4dbce9b1a95c4f84",308,"BF",202,2,23057,22,"M","norsk","Trøndersk","norsk","norsk","vgs","N",-0.786582223210211
"a7810838cad7489e4dbce9b1a95c4f84",136,"LongAdjunctNoIsl",52,6,43392,22,"M","norsk","Trøndersk","norsk","norsk","vgs","N",0.938823943831542
"a7810838cad7489e4dbce9b1a95c4f84",129,"ShortFordiIsl",23,7,28276,22,"M","norsk","Trøndersk","norsk","norsk","vgs","N",1.37017548559198
"a7810838cad7489e4dbce9b1a95c4f84",281,"BF",307,1,10817,22,"M","norsk","Trøndersk","norsk","norsk","vgs","N",-1.21793376497065
"a7810838cad7489e4dbce9b1a95c4f84",253,"ShortSubjectIsl",110,7,20604,22,"M","norsk","Trøndersk","norsk","norsk","vgs","N",1.37017548559198
"a7810838cad7489e4dbce9b1a95c4f84",277,"BF",303,2,54506,22,"M","norsk","Trøndersk","norsk","norsk","vgs","N",-0.786582223210211
"a7810838cad7489e4dbce9b1a95c4f84",91,"ShortFordiNoIsl",12,7,13815,22,"M","norsk","Trøndersk","norsk","norsk","vgs","N",1.37017548559198
"a7810838cad7489e4dbce9b1a95c4f84",289,"BF",315,4,16869,22,"M","norsk","Trøndersk","norsk","norsk","vgs","N",0.0761208603106655
"a7810838cad7489e4dbce9b1a95c4f84",274,"LongSubjectIsl",120,3,27284,22,"M","norsk","Trøndersk","norsk","norsk","vgs","N",-0.355230681449773
"a7810838cad7489e4dbce9b1a95c4f84",58,"LongFordiIsl",2,1,13203,22,"M","norsk","Trøndersk","norsk","norsk","vgs","N",-1.21793376497065
"a7810838cad7489e4dbce9b1a95c4f84",279,"BF",305,2,15210,22,"M","norsk","Trøndersk","norsk","norsk","vgs","N",-0.786582223210211
"a7810838cad7489e4dbce9b1a95c4f84",216,"LongSubjectNoIsl",98,7,35048,22,"M","norsk","Trøndersk","norsk","norsk","vgs","N",1.37017548559198
"a7810838cad7489e4dbce9b1a95c4f84",307,"BF",201,7,14107,22,"M","norsk","Trøndersk","norsk","norsk","vgs","N",1.37017548559198
"a7810838cad7489e4dbce9b1a95c4f84",146,"LongAdjunctIsl",54,2,57442,22,"M","norsk","Trøndersk","norsk","norsk","vgs","N",-0.786582223210211
"a7810838cad7489e4dbce9b1a95c4f84",304,"BF",331,1,27500,22,"M","norsk","Trøndersk","norsk","norsk","vgs","N",-1.21793376497065
"a7810838cad7489e4dbce9b1a95c4f84",259,"ShortSubjectNoIsl",116,7,9513,22,"M","norsk","Trøndersk","norsk","norsk","vgs","N",1.37017548559198
"a7810838cad7489e4dbce9b1a95c4f84",80,"LongFordiNoIsl",9,4,89265,22,"M","norsk","Trøndersk","norsk","norsk","vgs","N",0.0761208603106655
"a7810838cad7489e4dbce9b1a95c4f84",15,"localTop",601,7,32085,22,"M","norsk","Trøndersk","norsk","norsk","vgs","N",1.37017548559198
"a7810838cad7489e4dbce9b1a95c4f84",50,"longWhetherIsla",24,6,10277,22,"M","norsk","Trøndersk","norsk","norsk","vgs","N",0.938823943831542
"a7810838cad7489e4dbce9b1a95c4f84",303,"BF",329,1,9109,22,"M","norsk","Trøndersk","norsk","norsk","vgs","N",-1.21793376497065
"a7810838cad7489e4dbce9b1a95c4f84",163,"ShortAdjunctNoIsl",59,7,67467,22,"M","norsk","Trøndersk","norsk","norsk","vgs","N",1.37017548559198
"a7810838cad7489e4dbce9b1a95c4f84",282,"BF",308,3,10887,22,"M","norsk","Trøndersk","norsk","norsk","vgs","N",-0.355230681449773
"a7810838cad7489e4dbce9b1a95c4f84",189,"ShortAdjunctIsl",65,7,127481,22,"M","norsk","Trøndersk","norsk","norsk","vgs","N",1.37017548559198
"a7810838cad7489e4dbce9b1a95c4f84",19,"shortWhetherNoI",17,7,9409,22,"M","norsk","Trøndersk","norsk","norsk","vgs","N",1.37017548559198
"a7810838cad7489e4dbce9b1a95c4f84",286,"BF",312,2,12123,22,"M","norsk","Trøndersk","norsk","norsk","vgs","N",-0.786582223210211
"a7810838cad7489e4dbce9b1a95c4f84",200,"LongAdjunctNoIsl",69,3,94264,22,"M","norsk","Trøndersk","norsk","norsk","vgs","N",-0.355230681449773
"a7810838cad7489e4dbce9b1a95c4f84",288,"BF",314,3,19144,22,"M","norsk","Trøndersk","norsk","norsk","vgs","N",-0.355230681449773
"a7810838cad7489e4dbce9b1a95c4f84",69,"ShortFordiIsl",6,5,16992,22,"M","norsk","Trøndersk","norsk","norsk","vgs","N",0.507472402071104
"a7810838cad7489e4dbce9b1a95c4f84",305,"BF",332,2,16377,22,"M","norsk","Trøndersk","norsk","norsk","vgs","N",-0.786582223210211
"a7810838cad7489e4dbce9b1a95c4f84",221,"ShortSubjectIsl",99,5,11515,22,"M","norsk","Trøndersk","norsk","norsk","vgs","N",0.507472402071104
"a7810838cad7489e4dbce9b1a95c4f84",29,"shortWhetherIsl",19,6,87727,22,"M","norsk","Trøndersk","norsk","norsk","vgs","N",0.938823943831542
"a7810838cad7489e4dbce9b1a95c4f84",313,"BF",207,1,6940,22,"M","norsk","Trøndersk","norsk","norsk","vgs","N",-1.21793376497065
"a7810838cad7489e4dbce9b1a95c4f84",59,"ShortFordiNoIsl",3,4,13638,22,"M","norsk","Trøndersk","norsk","norsk","vgs","N",0.0761208603106655
"a7810838cad7489e4dbce9b1a95c4f84",311,"BF",205,1,27955,22,"M","norsk","Trøndersk","norsk","norsk","vgs","N",-1.21793376497065
"a7810838cad7489e4dbce9b1a95c4f84",242,"LongSubjectIsl",107,1,23704,22,"M","norsk","Trøndersk","norsk","norsk","vgs","N",-1.21793376497065
"a7810838cad7489e4dbce9b1a95c4f84",309,"BF",203,2,14614,22,"M","norsk","Trøndersk","norsk","norsk","vgs","N",-0.786582223210211
"a7810838cad7489e4dbce9b1a95c4f84",24,"longWhetherNoI",18,6,68545,22,"M","norsk","Trøndersk","norsk","norsk","vgs","N",0.938823943831542
"a7810838cad7489e4dbce9b1a95c4f84",74,"LongFordiIsl",7,5,7268,22,"M","norsk","Trøndersk","norsk","norsk","vgs","N",0.507472402071104
"a7810838cad7489e4dbce9b1a95c4f84",278,"BF",304,1,62112,22,"M","norsk","Trøndersk","norsk","norsk","vgs","N",-1.21793376497065
"a7810838cad7489e4dbce9b1a95c4f84",232,"LongSubjectNoIsl",104,5,16764,22,"M","norsk","Trøndersk","norsk","norsk","vgs","N",0.507472402071104
"a7810838cad7489e4dbce9b1a95c4f84",292,"BF",318,1,115127,22,"M","norsk","Trøndersk","norsk","norsk","vgs","N",-1.21793376497065
"a7810838cad7489e4dbce9b1a95c4f84",162,"LongAdjunctIsl",58,4,16063,22,"M","norsk","Trøndersk","norsk","norsk","vgs","N",0.0761208603106655
"a7810838cad7489e4dbce9b1a95c4f84",16,"localTop",602,2,8969,22,"M","norsk","Trøndersk","norsk","norsk","vgs","N",-0.786582223210211
"a7810838cad7489e4dbce9b1a95c4f84",243,"ShortSubjectNoIsl",108,7,7746,22,"M","norsk","Trøndersk","norsk","norsk","vgs","N",1.37017548559198
"a7810838cad7489e4dbce9b1a95c4f84",280,"BF",306,2,21363,22,"M","norsk","Trøndersk","norsk","norsk","vgs","N",-0.786582223210211
"bfbe2ca5c3a0b0b25363701061473315",195,"ShortAdjunctNoIsl",68,7,13100,20,"F","norsk","Sørvestlandet","norsk","norsk","vgs","N",1.1731609734457
"bfbe2ca5c3a0b0b25363701061473315",189,"ShortAdjunctIsl",65,6,16460,20,"F","norsk","Sørvestlandet","norsk","norsk","vgs","N",0.787153169279697
"bfbe2ca5c3a0b0b25363701061473315",277,"BF",303,2,7043,20,"F","norsk","Sørvestlandet","norsk","norsk","vgs","N",-0.756878047384324
"bfbe2ca5c3a0b0b25363701061473315",210,"LongAdjunctIsl",72,4,7038,20,"F","norsk","Sørvestlandet","norsk","norsk","vgs","N",0.0151375609476864
"bfbe2ca5c3a0b0b25363701061473315",310,"BF",204,4,20391,20,"F","norsk","Sørvestlandet","norsk","norsk","vgs","N",0.0151375609476864
"bfbe2ca5c3a0b0b25363701061473315",53,"ShortFordiIsl",1,6,14287,20,"F","norsk","Sørvestlandet","norsk","norsk","vgs","N",0.787153169279697
"bfbe2ca5c3a0b0b25363701061473315",288,"BF",314,1,11261,20,"F","norsk","Sørvestlandet","norsk","norsk","vgs","N",-1.14288585155033
"bfbe2ca5c3a0b0b25363701061473315",168,"LongAdjunctNoIsl",60,3,21585,20,"F","norsk","Sørvestlandet","norsk","norsk","vgs","N",-0.370870243218319
"bfbe2ca5c3a0b0b25363701061473315",269,"ShortSubjectIsl",118,7,10766,20,"F","norsk","Sørvestlandet","norsk","norsk","vgs","N",1.1731609734457
"bfbe2ca5c3a0b0b25363701061473315",279,"BF",305,2,10817,20,"F","norsk","Sørvestlandet","norsk","norsk","vgs","N",-0.756878047384324
"bfbe2ca5c3a0b0b25363701061473315",179,"ShortAdjunctNoIsl",63,5,9792,20,"F","norsk","Sørvestlandet","norsk","norsk","vgs","N",0.401145365113692
"bfbe2ca5c3a0b0b25363701061473315",283,"BF",309,3,17070,20,"F","norsk","Sørvestlandet","norsk","norsk","vgs","N",-0.370870243218319
"bfbe2ca5c3a0b0b25363701061473315",58,"LongFordiIsl",2,2,14310,20,"F","norsk","Sørvestlandet","norsk","norsk","vgs","N",-0.756878047384324
"bfbe2ca5c3a0b0b25363701061473315",304,"BF",331,1,10439,20,"F","norsk","Sørvestlandet","norsk","norsk","vgs","N",-1.14288585155033
"bfbe2ca5c3a0b0b25363701061473315",141,"ShortAdjunctIsl",53,7,11434,20,"F","norsk","Sørvestlandet","norsk","norsk","vgs","N",1.1731609734457
"bfbe2ca5c3a0b0b25363701061473315",91,"ShortFordiNoIsl",12,7,12089,20,"F","norsk","Sørvestlandet","norsk","norsk","vgs","N",1.1731609734457
"bfbe2ca5c3a0b0b25363701061473315",314,"BF",208,1,13439,20,"F","norsk","Sørvestlandet","norsk","norsk","vgs","N",-1.14288585155033
"bfbe2ca5c3a0b0b25363701061473315",146,"LongAdjunctIsl",54,6,29037,20,"F","norsk","Sørvestlandet","norsk","norsk","vgs","N",0.787153169279697
"bfbe2ca5c3a0b0b25363701061473315",276,"BF",302,1,13843,20,"F","norsk","Sørvestlandet","norsk","norsk","vgs","N",-1.14288585155033
"bfbe2ca5c3a0b0b25363701061473315",243,"ShortSubjectNoIsl",108,7,11922,20,"F","norsk","Sørvestlandet","norsk","norsk","vgs","N",1.1731609734457
"bfbe2ca5c3a0b0b25363701061473315",290,"BF",316,1,8819,20,"F","norsk","Sørvestlandet","norsk","norsk","vgs","N",-1.14288585155033
"bfbe2ca5c3a0b0b25363701061473315",242,"LongSubjectIsl",107,1,25756,20,"F","norsk","Sørvestlandet","norsk","norsk","vgs","N",-1.14288585155033
"bfbe2ca5c3a0b0b25363701061473315",96,"LongFordiNoIsl",13,7,13241,20,"F","norsk","Sørvestlandet","norsk","norsk","vgs","N",1.1731609734457
"bfbe2ca5c3a0b0b25363701061473315",293,"BF",319,1,15726,20,"F","norsk","Sørvestlandet","norsk","norsk","vgs","N",-1.14288585155033
"bfbe2ca5c3a0b0b25363701061473315",85,"ShortFordiIsl",10,7,8785,20,"F","norsk","Sørvestlandet","norsk","norsk","vgs","N",1.1731609734457
"bfbe2ca5c3a0b0b25363701061473315",18,"localTop",604,7,11952,20,"F","norsk","Sørvestlandet","norsk","norsk","vgs","N",1.1731609734457
"bfbe2ca5c3a0b0b25363701061473315",264,"LongSubjectNoIsl",117,7,8268,20,"F","norsk","Sørvestlandet","norsk","norsk","vgs","N",1.1731609734457
"bfbe2ca5c3a0b0b25363701061473315",298,"BF",324,1,5598,20,"F","norsk","Sørvestlandet","norsk","norsk","vgs","N",-1.14288585155033
"bfbe2ca5c3a0b0b25363701061473315",200,"LongAdjunctNoIsl",69,4,10792,20,"F","norsk","Sørvestlandet","norsk","norsk","vgs","N",0.0151375609476864
"bfbe2ca5c3a0b0b25363701061473315",237,"ShortSubjectIsl",106,7,7061,20,"F","norsk","Sørvestlandet","norsk","norsk","vgs","N",1.1731609734457
"bfbe2ca5c3a0b0b25363701061473315",308,"BF",202,1,9411,20,"F","norsk","Sørvestlandet","norsk","norsk","vgs","N",-1.14288585155033
"bfbe2ca5c3a0b0b25363701061473315",147,"ShortAdjunctNoIsl",55,6,16662,20,"F","norsk","Sørvestlandet","norsk","norsk","vgs","N",0.787153169279697
"bfbe2ca5c3a0b0b25363701061473315",291,"BF",317,2,8572,20,"F","norsk","Sørvestlandet","norsk","norsk","vgs","N",-0.756878047384324
"bfbe2ca5c3a0b0b25363701061473315",106,"LongFordiIsl",15,3,14882,20,"F","norsk","Sørvestlandet","norsk","norsk","vgs","N",-0.370870243218319
"bfbe2ca5c3a0b0b25363701061473315",275,"BF",301,1,10994,20,"F","norsk","Sørvestlandet","norsk","norsk","vgs","N",-1.14288585155033
"bfbe2ca5c3a0b0b25363701061473315",205,"ShortAdjunctIsl",71,7,14232,20,"F","norsk","Sørvestlandet","norsk","norsk","vgs","N",1.1731609734457
"bfbe2ca5c3a0b0b25363701061473315",50,"longWhetherIsla",24,6,15678,20,"F","norsk","Sørvestlandet","norsk","norsk","vgs","N",0.787153169279697
"bfbe2ca5c3a0b0b25363701061473315",285,"BF",311,4,20925,20,"F","norsk","Sørvestlandet","norsk","norsk","vgs","N",0.0151375609476864
"bfbe2ca5c3a0b0b25363701061473315",59,"ShortFordiNoIsl",3,7,15379,20,"F","norsk","Sørvestlandet","norsk","norsk","vgs","N",1.1731609734457
"bfbe2ca5c3a0b0b25363701061473315",301,"BF",327,1,7710,20,"F","norsk","Sørvestlandet","norsk","norsk","vgs","N",-1.14288585155033
"bfbe2ca5c3a0b0b25363701061473315",194,"LongAdjunctIsl",66,2,21229,20,"F","norsk","Sørvestlandet","norsk","norsk","vgs","N",-0.756878047384324
"bfbe2ca5c3a0b0b25363701061473315",295,"BF",321,2,13672,20,"F","norsk","Sørvestlandet","norsk","norsk","vgs","N",-0.756878047384324
"bfbe2ca5c3a0b0b25363701061473315",259,"ShortSubjectNoIsl",116,7,8581,20,"F","norsk","Sørvestlandet","norsk","norsk","vgs","N",1.1731609734457
"bfbe2ca5c3a0b0b25363701061473315",258,"LongSubjectIsl",113,1,14596,20,"F","norsk","Sørvestlandet","norsk","norsk","vgs","N",-1.14288585155033
"bfbe2ca5c3a0b0b25363701061473315",281,"BF",307,1,11093,20,"F","norsk","Sørvestlandet","norsk","norsk","vgs","N",-1.14288585155033
"bfbe2ca5c3a0b0b25363701061473315",80,"LongFordiNoIsl",9,7,24155,20,"F","norsk","Sørvestlandet","norsk","norsk","vgs","N",1.1731609734457
"bfbe2ca5c3a0b0b25363701061473315",311,"BF",205,1,16249,20,"F","norsk","Sørvestlandet","norsk","norsk","vgs","N",-1.14288585155033
"bfbe2ca5c3a0b0b25363701061473315",69,"ShortFordiIsl",6,7,6891,20,"F","norsk","Sørvestlandet","norsk","norsk","vgs","N",1.1731609734457
"bfbe2ca5c3a0b0b25363701061473315",16,"localTop",602,5,18197,20,"F","norsk","Sørvestlandet","norsk","norsk","vgs","N",0.401145365113692
"bfbe2ca5c3a0b0b25363701061473315",232,"LongSubjectNoIsl",104,6,44058,20,"F","norsk","Sørvestlandet","norsk","norsk","vgs","N",0.787153169279697
"bfbe2ca5c3a0b0b25363701061473315",152,"LongAdjunctNoIsl",56,7,19192,20,"F","norsk","Sørvestlandet","norsk","norsk","vgs","N",1.1731609734457
"bfbe2ca5c3a0b0b25363701061473315",286,"BF",312,4,12746,20,"F","norsk","Sørvestlandet","norsk","norsk","vgs","N",0.0151375609476864
"bfbe2ca5c3a0b0b25363701061473315",221,"ShortSubjectIsl",99,5,9261,20,"F","norsk","Sørvestlandet","norsk","norsk","vgs","N",0.401145365113692
"bfbe2ca5c3a0b0b25363701061473315",282,"BF",308,1,13273,20,"F","norsk","Sørvestlandet","norsk","norsk","vgs","N",-1.14288585155033
"bfbe2ca5c3a0b0b25363701061473315",131,"ShortAdjunctNoIsl",50,6,21674,20,"F","norsk","Sørvestlandet","norsk","norsk","vgs","N",0.787153169279697
"bfbe2ca5c3a0b0b25363701061473315",307,"BF",201,1,6825,20,"F","norsk","Sørvestlandet","norsk","norsk","vgs","N",-1.14288585155033
"bfbe2ca5c3a0b0b25363701061473315",74,"LongFordiIsl",7,6,6111,20,"F","norsk","Sørvestlandet","norsk","norsk","vgs","N",0.787153169279697
"bfbe2ca5c3a0b0b25363701061473315",306,"BF",213,1,6178,20,"F","norsk","Sørvestlandet","norsk","norsk","vgs","N",-1.14288585155033
"bfbe2ca5c3a0b0b25363701061473315",157,"ShortAdjunctIsl",57,7,9355,20,"F","norsk","Sørvestlandet","norsk","norsk","vgs","N",1.1731609734457
"bfbe2ca5c3a0b0b25363701061473315",119,"ShortFordiNoIsl",21,7,7325,20,"F","norsk","Sørvestlandet","norsk","norsk","vgs","N",1.1731609734457
"bfbe2ca5c3a0b0b25363701061473315",303,"BF",329,1,8075,20,"F","norsk","Sørvestlandet","norsk","norsk","vgs","N",-1.14288585155033
"bfbe2ca5c3a0b0b25363701061473315",178,"LongAdjunctIsl",62,7,11659,20,"F","norsk","Sørvestlandet","norsk","norsk","vgs","N",1.1731609734457
"bfbe2ca5c3a0b0b25363701061473315",313,"BF",207,1,8187,20,"F","norsk","Sørvestlandet","norsk","norsk","vgs","N",-1.14288585155033
"bfbe2ca5c3a0b0b25363701061473315",227,"ShortSubjectNoIsl",103,6,8585,20,"F","norsk","Sørvestlandet","norsk","norsk","vgs","N",0.787153169279697
"bfbe2ca5c3a0b0b25363701061473315",309,"BF",203,1,8144,20,"F","norsk","Sørvestlandet","norsk","norsk","vgs","N",-1.14288585155033
"bfbe2ca5c3a0b0b25363701061473315",226,"LongSubjectIsl",100,2,13942,20,"F","norsk","Sørvestlandet","norsk","norsk","vgs","N",-0.756878047384324
"bfbe2ca5c3a0b0b25363701061473315",124,"LongFordiNoIsl",22,7,12191,20,"F","norsk","Sørvestlandet","norsk","norsk","vgs","N",1.1731609734457
"bfbe2ca5c3a0b0b25363701061473315",300,"BF",326,1,9073,20,"F","norsk","Sørvestlandet","norsk","norsk","vgs","N",-1.14288585155033
"bfbe2ca5c3a0b0b25363701061473315",129,"ShortFordiIsl",23,7,8513,20,"F","norsk","Sørvestlandet","norsk","norsk","vgs","N",1.1731609734457
"bfbe2ca5c3a0b0b25363701061473315",296,"BF",322,1,20757,20,"F","norsk","Sørvestlandet","norsk","norsk","vgs","N",-1.14288585155033
"bfbe2ca5c3a0b0b25363701061473315",248,"LongSubjectNoIsl",109,7,13154,20,"F","norsk","Sørvestlandet","norsk","norsk","vgs","N",1.1731609734457
"bfbe2ca5c3a0b0b25363701061473315",287,"BF",313,1,7896,20,"F","norsk","Sørvestlandet","norsk","norsk","vgs","N",-1.14288585155033
"bfbe2ca5c3a0b0b25363701061473315",136,"LongAdjunctNoIsl",52,7,8610,20,"F","norsk","Sørvestlandet","norsk","norsk","vgs","N",1.1731609734457
"bfbe2ca5c3a0b0b25363701061473315",253,"ShortSubjectIsl",110,7,10308,20,"F","norsk","Sørvestlandet","norsk","norsk","vgs","N",1.1731609734457
"bfbe2ca5c3a0b0b25363701061473315",15,"localTop",601,6,12448,20,"F","norsk","Sørvestlandet","norsk","norsk","vgs","N",0.787153169279697
"bfbe2ca5c3a0b0b25363701061473315",163,"ShortAdjunctNoIsl",59,7,10378,20,"F","norsk","Sørvestlandet","norsk","norsk","vgs","N",1.1731609734457
"bfbe2ca5c3a0b0b25363701061473315",302,"BF",328,2,9328,20,"F","norsk","Sørvestlandet","norsk","norsk","vgs","N",-0.756878047384324
"bfbe2ca5c3a0b0b25363701061473315",90,"LongFordiIsl",11,3,5925,20,"F","norsk","Sørvestlandet","norsk","norsk","vgs","N",-0.370870243218319
"bfbe2ca5c3a0b0b25363701061473315",278,"BF",304,1,6108,20,"F","norsk","Sørvestlandet","norsk","norsk","vgs","N",-1.14288585155033
"bfbe2ca5c3a0b0b25363701061473315",173,"ShortAdjunctIsl",61,6,12478,20,"F","norsk","Sørvestlandet","norsk","norsk","vgs","N",0.787153169279697
"bfbe2ca5c3a0b0b25363701061473315",29,"shortWhetherIsl",19,7,8525,20,"F","norsk","Sørvestlandet","norsk","norsk","vgs","N",1.1731609734457
"bfbe2ca5c3a0b0b25363701061473315",294,"BF",320,1,13115,20,"F","norsk","Sørvestlandet","norsk","norsk","vgs","N",-1.14288585155033
"bfbe2ca5c3a0b0b25363701061473315",34,"longWhetherIsla",20,1,12823,20,"F","norsk","Sørvestlandet","norsk","norsk","vgs","N",-1.14288585155033
"bfbe2ca5c3a0b0b25363701061473315",289,"BF",315,1,7332,20,"F","norsk","Sørvestlandet","norsk","norsk","vgs","N",-1.14288585155033
"bfbe2ca5c3a0b0b25363701061473315",19,"shortWhetherNoI",17,6,9677,20,"F","norsk","Sørvestlandet","norsk","norsk","vgs","N",0.787153169279697
"bfbe2ca5c3a0b0b25363701061473315",299,"BF",325,1,7564,20,"F","norsk","Sørvestlandet","norsk","norsk","vgs","N",-1.14288585155033
"bfbe2ca5c3a0b0b25363701061473315",75,"ShortFordiNoIsl",8,6,14829,20,"F","norsk","Sørvestlandet","norsk","norsk","vgs","N",0.787153169279697
"bfbe2ca5c3a0b0b25363701061473315",162,"LongAdjunctIsl",58,5,8894,20,"F","norsk","Sørvestlandet","norsk","norsk","vgs","N",0.401145365113692
"bfbe2ca5c3a0b0b25363701061473315",297,"BF",323,3,11558,20,"F","norsk","Sørvestlandet","norsk","norsk","vgs","N",-0.370870243218319
"bfbe2ca5c3a0b0b25363701061473315",211,"ShortSubjectNoIsl",97,7,10678,20,"F","norsk","Sørvestlandet","norsk","norsk","vgs","N",1.1731609734457
"bfbe2ca5c3a0b0b25363701061473315",280,"BF",306,3,19493,20,"F","norsk","Sørvestlandet","norsk","norsk","vgs","N",-0.370870243218319
"bfbe2ca5c3a0b0b25363701061473315",274,"LongSubjectIsl",120,1,8816,20,"F","norsk","Sørvestlandet","norsk","norsk","vgs","N",-1.14288585155033
"bfbe2ca5c3a0b0b25363701061473315",284,"BF",310,1,6906,20,"F","norsk","Sørvestlandet","norsk","norsk","vgs","N",-1.14288585155033
"bfbe2ca5c3a0b0b25363701061473315",64,"LongFordiNoIsl",4,6,12414,20,"F","norsk","Sørvestlandet","norsk","norsk","vgs","N",0.787153169279697
"bfbe2ca5c3a0b0b25363701061473315",101,"ShortFordiIsl",14,7,15547,20,"F","norsk","Sørvestlandet","norsk","norsk","vgs","N",1.1731609734457
"bfbe2ca5c3a0b0b25363701061473315",312,"BF",206,1,10590,20,"F","norsk","Sørvestlandet","norsk","norsk","vgs","N",-1.14288585155033
"bfbe2ca5c3a0b0b25363701061473315",216,"LongSubjectNoIsl",98,7,10715,20,"F","norsk","Sørvestlandet","norsk","norsk","vgs","N",1.1731609734457
"bfbe2ca5c3a0b0b25363701061473315",292,"BF",318,1,7292,20,"F","norsk","Sørvestlandet","norsk","norsk","vgs","N",-1.14288585155033
"bfbe2ca5c3a0b0b25363701061473315",24,"longWhetherNoI",18,7,14184,20,"F","norsk","Sørvestlandet","norsk","norsk","vgs","N",1.1731609734457
"bfbe2ca5c3a0b0b25363701061473315",17,"localTop",603,1,6202,20,"F","norsk","Sørvestlandet","norsk","norsk","vgs","N",-1.14288585155033
"bfbe2ca5c3a0b0b25363701061473315",184,"LongAdjunctNoIsl",64,2,13012,20,"F","norsk","Sørvestlandet","norsk","norsk","vgs","N",-0.756878047384324
"bfbe2ca5c3a0b0b25363701061473315",305,"BF",332,1,11876,20,"F","norsk","Sørvestlandet","norsk","norsk","vgs","N",-1.14288585155033
"c3a32f88eca01944b4a494e77cbb34fd",165,"ShortAdjunctIsl",59,7,10194,20,"F","Polsk","Østlandet","Polsk","Polsk","vgs","N",0.991351594093663
"c3a32f88eca01944b4a494e77cbb34fd",203,"ShortAdjunctNoIsl",71,7,10230,20,"F","Polsk","Østlandet","Polsk","Polsk","vgs","N",0.991351594093663
"c3a32f88eca01944b4a494e77cbb34fd",314,"BF",208,4,9312,20,"F","Polsk","Østlandet","Polsk","Polsk","vgs","N",-0.37510600857598
"c3a32f88eca01944b4a494e77cbb34fd",116,"LongFordiNoIsl",20,4,14338,20,"F","Polsk","Østlandet","Polsk","Polsk","vgs","N",-0.37510600857598
"c3a32f88eca01944b4a494e77cbb34fd",308,"BF",202,7,12602,20,"F","Polsk","Østlandet","Polsk","Polsk","vgs","N",0.991351594093663
"c3a32f88eca01944b4a494e77cbb34fd",67,"ShortFordiNoIsl",6,6,11092,20,"F","Polsk","Østlandet","Polsk","Polsk","vgs","N",0.535865726537115
"c3a32f88eca01944b4a494e77cbb34fd",290,"BF",316,1,10798,20,"F","Polsk","Østlandet","Polsk","Polsk","vgs","N",-1.74156361124562
"c3a32f88eca01944b4a494e77cbb34fd",138,"LongAdjunctIsl",52,6,7996,20,"F","Polsk","Østlandet","Polsk","Polsk","vgs","N",0.535865726537115
"c3a32f88eca01944b4a494e77cbb34fd",176,"LongAdjunctNoIsl",62,2,7129,20,"F","Polsk","Østlandet","Polsk","Polsk","vgs","N",-1.28607774368908
"c3a32f88eca01944b4a494e77cbb34fd",312,"BF",206,4,22089,20,"F","Polsk","Østlandet","Polsk","Polsk","vgs","N",-0.37510600857598
"c3a32f88eca01944b4a494e77cbb34fd",149,"ShortAdjunctIsl",55,6,16738,20,"F","Polsk","Østlandet","Polsk","Polsk","vgs","N",0.535865726537115
"c3a32f88eca01944b4a494e77cbb34fd",285,"BF",311,1,37705,20,"F","Polsk","Østlandet","Polsk","Polsk","vgs","N",-1.74156361124562
"c3a32f88eca01944b4a494e77cbb34fd",155,"ShortAdjunctNoIsl",57,7,17644,20,"F","Polsk","Østlandet","Polsk","Polsk","vgs","N",0.991351594093663
"c3a32f88eca01944b4a494e77cbb34fd",298,"BF",324,1,6545,20,"F","Polsk","Østlandet","Polsk","Polsk","vgs","N",-1.74156361124562
"c3a32f88eca01944b4a494e77cbb34fd",66,"LongFordiIsl",4,1,11795,20,"F","Polsk","Østlandet","Polsk","Polsk","vgs","N",-1.74156361124562
"c3a32f88eca01944b4a494e77cbb34fd",104,"LongFordiNoIsl",15,7,9617,20,"F","Polsk","Østlandet","Polsk","Polsk","vgs","N",0.991351594093663
"c3a32f88eca01944b4a494e77cbb34fd",293,"BF",319,3,11034,20,"F","Polsk","Østlandet","Polsk","Polsk","vgs","N",-0.830591876132528
"c3a32f88eca01944b4a494e77cbb34fd",224,"LongSubjectNoIsl",100,6,6322,20,"F","Polsk","Østlandet","Polsk","Polsk","vgs","N",0.535865726537115
"c3a32f88eca01944b4a494e77cbb34fd",295,"BF",321,5,11420,20,"F","Polsk","Østlandet","Polsk","Polsk","vgs","N",0.0803798589805674
"c3a32f88eca01944b4a494e77cbb34fd",219,"ShortSubjectNoIsl",99,7,11558,20,"F","Polsk","Østlandet","Polsk","Polsk","vgs","N",0.991351594093663
"c3a32f88eca01944b4a494e77cbb34fd",280,"BF",306,7,11450,20,"F","Polsk","Østlandet","Polsk","Polsk","vgs","N",0.991351594093663
"c3a32f88eca01944b4a494e77cbb34fd",77,"ShortFordiIsl",8,6,19373,20,"F","Polsk","Østlandet","Polsk","Polsk","vgs","N",0.535865726537115
"c3a32f88eca01944b4a494e77cbb34fd",99,"ShortFordiNoIsl",14,7,10457,20,"F","Polsk","Østlandet","Polsk","Polsk","vgs","N",0.991351594093663
"c3a32f88eca01944b4a494e77cbb34fd",282,"BF",308,7,23247,20,"F","Polsk","Østlandet","Polsk","Polsk","vgs","N",0.991351594093663
"c3a32f88eca01944b4a494e77cbb34fd",266,"LongSubjectIsl",117,2,10373,20,"F","Polsk","Østlandet","Polsk","Polsk","vgs","N",-1.28607774368908
"c3a32f88eca01944b4a494e77cbb34fd",305,"BF",332,2,10736,20,"F","Polsk","Østlandet","Polsk","Polsk","vgs","N",-1.28607774368908
"c3a32f88eca01944b4a494e77cbb34fd",261,"ShortSubjectIsl",116,6,12195,20,"F","Polsk","Østlandet","Polsk","Polsk","vgs","N",0.535865726537115
"c3a32f88eca01944b4a494e77cbb34fd",17,"localTop",603,1,9959,20,"F","Polsk","Østlandet","Polsk","Polsk","vgs","N",-1.74156361124562
"c3a32f88eca01944b4a494e77cbb34fd",202,"LongAdjunctIsl",69,2,32892,20,"F","Polsk","Østlandet","Polsk","Polsk","vgs","N",-1.28607774368908
"c3a32f88eca01944b4a494e77cbb34fd",160,"LongAdjunctNoIsl",58,7,12897,20,"F","Polsk","Østlandet","Polsk","Polsk","vgs","N",0.991351594093663
"c3a32f88eca01944b4a494e77cbb34fd",278,"BF",304,1,14727,20,"F","Polsk","Østlandet","Polsk","Polsk","vgs","N",-1.74156361124562
"c3a32f88eca01944b4a494e77cbb34fd",133,"ShortAdjunctIsl",50,7,12614,20,"F","Polsk","Østlandet","Polsk","Polsk","vgs","N",0.991351594093663
"c3a32f88eca01944b4a494e77cbb34fd",300,"BF",326,5,18912,20,"F","Polsk","Østlandet","Polsk","Polsk","vgs","N",0.0803798589805674
"c3a32f88eca01944b4a494e77cbb34fd",187,"ShortAdjunctNoIsl",65,7,14442,20,"F","Polsk","Østlandet","Polsk","Polsk","vgs","N",0.991351594093663
"c3a32f88eca01944b4a494e77cbb34fd",304,"BF",331,5,14812,20,"F","Polsk","Østlandet","Polsk","Polsk","vgs","N",0.0803798589805674
"c3a32f88eca01944b4a494e77cbb34fd",82,"LongFordiIsl",9,5,15495,20,"F","Polsk","Østlandet","Polsk","Polsk","vgs","N",0.0803798589805674
"c3a32f88eca01944b4a494e77cbb34fd",88,"LongFordiNoIsl",11,7,12282,20,"F","Polsk","Østlandet","Polsk","Polsk","vgs","N",0.991351594093663
"c3a32f88eca01944b4a494e77cbb34fd",279,"BF",305,1,6698,20,"F","Polsk","Østlandet","Polsk","Polsk","vgs","N",-1.74156361124562
"c3a32f88eca01944b4a494e77cbb34fd",256,"LongSubjectNoIsl",113,7,9685,20,"F","Polsk","Østlandet","Polsk","Polsk","vgs","N",0.991351594093663
"c3a32f88eca01944b4a494e77cbb34fd",291,"BF",317,5,13144,20,"F","Polsk","Østlandet","Polsk","Polsk","vgs","N",0.0803798589805674
"c3a32f88eca01944b4a494e77cbb34fd",251,"ShortSubjectNoIsl",110,7,8806,20,"F","Polsk","Østlandet","Polsk","Polsk","vgs","N",0.991351594093663
"c3a32f88eca01944b4a494e77cbb34fd",310,"BF",204,6,10571,20,"F","Polsk","Østlandet","Polsk","Polsk","vgs","N",0.535865726537115
"c3a32f88eca01944b4a494e77cbb34fd",121,"ShortFordiIsl",21,7,8880,20,"F","Polsk","Østlandet","Polsk","Polsk","vgs","N",0.991351594093663
"c3a32f88eca01944b4a494e77cbb34fd",83,"ShortFordiNoIsl",10,7,12998,20,"F","Polsk","Østlandet","Polsk","Polsk","vgs","N",0.991351594093663
"c3a32f88eca01944b4a494e77cbb34fd",283,"BF",309,4,14196,20,"F","Polsk","Østlandet","Polsk","Polsk","vgs","N",-0.37510600857598
"c3a32f88eca01944b4a494e77cbb34fd",250,"LongSubjectIsl",109,1,13802,20,"F","Polsk","Østlandet","Polsk","Polsk","vgs","N",-1.74156361124562
"c3a32f88eca01944b4a494e77cbb34fd",311,"BF",205,2,37912,20,"F","Polsk","Østlandet","Polsk","Polsk","vgs","N",-1.28607774368908
"c3a32f88eca01944b4a494e77cbb34fd",213,"ShortSubjectIsl",97,7,16121,20,"F","Polsk","Østlandet","Polsk","Polsk","vgs","N",0.991351594093663
"c3a32f88eca01944b4a494e77cbb34fd",301,"BF",327,6,7933,20,"F","Polsk","Østlandet","Polsk","Polsk","vgs","N",0.535865726537115
"c3a32f88eca01944b4a494e77cbb34fd",170,"LongAdjunctIsl",60,7,5631,20,"F","Polsk","Østlandet","Polsk","Polsk","vgs","N",0.991351594093663
"c3a32f88eca01944b4a494e77cbb34fd",192,"LongAdjunctNoIsl",66,5,17856,20,"F","Polsk","Østlandet","Polsk","Polsk","vgs","N",0.0803798589805674
"c3a32f88eca01944b4a494e77cbb34fd",18,"localTop",604,5,10318,20,"F","Polsk","Østlandet","Polsk","Polsk","vgs","N",0.0803798589805674
"c3a32f88eca01944b4a494e77cbb34fd",181,"ShortAdjunctIsl",63,7,11797,20,"F","Polsk","Østlandet","Polsk","Polsk","vgs","N",0.991351594093663
"c3a32f88eca01944b4a494e77cbb34fd",286,"BF",312,5,11211,20,"F","Polsk","Østlandet","Polsk","Polsk","vgs","N",0.0803798589805674
"c3a32f88eca01944b4a494e77cbb34fd",139,"ShortAdjunctNoIsl",53,7,14582,20,"F","Polsk","Østlandet","Polsk","Polsk","vgs","N",0.991351594093663
"c3a32f88eca01944b4a494e77cbb34fd",309,"BF",203,4,34722,20,"F","Polsk","Østlandet","Polsk","Polsk","vgs","N",-0.37510600857598
"c3a32f88eca01944b4a494e77cbb34fd",98,"LongFordiIsl",13,6,12398,20,"F","Polsk","Østlandet","Polsk","Polsk","vgs","N",0.535865726537115
"c3a32f88eca01944b4a494e77cbb34fd",281,"BF",307,2,15877,20,"F","Polsk","Østlandet","Polsk","Polsk","vgs","N",-1.28607774368908
"c3a32f88eca01944b4a494e77cbb34fd",72,"LongFordiNoIsl",7,6,9837,20,"F","Polsk","Østlandet","Polsk","Polsk","vgs","N",0.535865726537115
"c3a32f88eca01944b4a494e77cbb34fd",240,"LongSubjectNoIsl",107,6,14017,20,"F","Polsk","Østlandet","Polsk","Polsk","vgs","N",0.535865726537115
"c3a32f88eca01944b4a494e77cbb34fd",289,"BF",315,5,36303,20,"F","Polsk","Østlandet","Polsk","Polsk","vgs","N",0.0803798589805674
"c3a32f88eca01944b4a494e77cbb34fd",267,"ShortSubjectNoIsl",118,6,38033,20,"F","Polsk","Østlandet","Polsk","Polsk","vgs","N",0.535865726537115
"c3a32f88eca01944b4a494e77cbb34fd",276,"BF",302,3,10069,20,"F","Polsk","Østlandet","Polsk","Polsk","vgs","N",-0.830591876132528
"c3a32f88eca01944b4a494e77cbb34fd",61,"ShortFordiIsl",3,6,16212,20,"F","Polsk","Østlandet","Polsk","Polsk","vgs","N",0.535865726537115
"c3a32f88eca01944b4a494e77cbb34fd",302,"BF",328,4,15652,20,"F","Polsk","Østlandet","Polsk","Polsk","vgs","N",-0.37510600857598
"c3a32f88eca01944b4a494e77cbb34fd",51,"ShortFordiNoIsl",1,7,10630,20,"F","Polsk","Østlandet","Polsk","Polsk","vgs","N",0.991351594093663
"c3a32f88eca01944b4a494e77cbb34fd",234,"LongSubjectIsl",104,2,28178,20,"F","Polsk","Østlandet","Polsk","Polsk","vgs","N",-1.28607774368908
"c3a32f88eca01944b4a494e77cbb34fd",288,"BF",314,7,14749,20,"F","Polsk","Østlandet","Polsk","Polsk","vgs","N",0.991351594093663
"c3a32f88eca01944b4a494e77cbb34fd",245,"ShortSubjectIsl",108,7,16176,20,"F","Polsk","Østlandet","Polsk","Polsk","vgs","N",0.991351594093663
"c3a32f88eca01944b4a494e77cbb34fd",275,"BF",301,1,8573,20,"F","Polsk","Østlandet","Polsk","Polsk","vgs","N",-1.74156361124562
"c3a32f88eca01944b4a494e77cbb34fd",154,"LongAdjunctIsl",56,5,12791,20,"F","Polsk","Østlandet","Polsk","Polsk","vgs","N",0.0803798589805674
"c3a32f88eca01944b4a494e77cbb34fd",299,"BF",325,3,16392,20,"F","Polsk","Østlandet","Polsk","Polsk","vgs","N",-0.830591876132528
"c3a32f88eca01944b4a494e77cbb34fd",144,"LongAdjunctNoIsl",54,5,30177,20,"F","Polsk","Østlandet","Polsk","Polsk","vgs","N",0.0803798589805674
"c3a32f88eca01944b4a494e77cbb34fd",197,"ShortAdjunctIsl",68,7,9743,20,"F","Polsk","Østlandet","Polsk","Polsk","vgs","N",0.991351594093663
"c3a32f88eca01944b4a494e77cbb34fd",307,"BF",201,1,6220,20,"F","Polsk","Østlandet","Polsk","Polsk","vgs","N",-1.74156361124562
"c3a32f88eca01944b4a494e77cbb34fd",26,"longWhetherIsla",18,6,11713,20,"F","Polsk","Østlandet","Polsk","Polsk","vgs","N",0.535865726537115
"c3a32f88eca01944b4a494e77cbb34fd",15,"localTop",601,5,14995,20,"F","Polsk","Østlandet","Polsk","Polsk","vgs","N",0.0803798589805674
"c3a32f88eca01944b4a494e77cbb34fd",171,"ShortAdjunctNoIsl",61,7,11042,20,"F","Polsk","Østlandet","Polsk","Polsk","vgs","N",0.991351594093663
"c3a32f88eca01944b4a494e77cbb34fd",287,"BF",313,4,9760,20,"F","Polsk","Østlandet","Polsk","Polsk","vgs","N",-0.37510600857598
"c3a32f88eca01944b4a494e77cbb34fd",126,"LongFordiIsl",22,6,11669,20,"F","Polsk","Østlandet","Polsk","Polsk","vgs","N",0.535865726537115
"c3a32f88eca01944b4a494e77cbb34fd",56,"LongFordiNoIsl",2,6,8095,20,"F","Polsk","Østlandet","Polsk","Polsk","vgs","N",0.535865726537115
"c3a32f88eca01944b4a494e77cbb34fd",306,"BF",213,2,9314,20,"F","Polsk","Østlandet","Polsk","Polsk","vgs","N",-1.28607774368908
"c3a32f88eca01944b4a494e77cbb34fd",272,"LongSubjectNoIsl",120,6,10786,20,"F","Polsk","Østlandet","Polsk","Polsk","vgs","N",0.535865726537115
"c3a32f88eca01944b4a494e77cbb34fd",303,"BF",329,1,13754,20,"F","Polsk","Østlandet","Polsk","Polsk","vgs","N",-1.74156361124562
"c3a32f88eca01944b4a494e77cbb34fd",235,"ShortSubjectNoIsl",106,7,9165,20,"F","Polsk","Østlandet","Polsk","Polsk","vgs","N",0.991351594093663
"c3a32f88eca01944b4a494e77cbb34fd",313,"BF",207,3,11279,20,"F","Polsk","Østlandet","Polsk","Polsk","vgs","N",-0.830591876132528
"c3a32f88eca01944b4a494e77cbb34fd",93,"ShortFordiIsl",12,7,13402,20,"F","Polsk","Østlandet","Polsk","Polsk","vgs","N",0.991351594093663
"c3a32f88eca01944b4a494e77cbb34fd",43,"shortWhetherNoI",23,7,8135,20,"F","Polsk","Østlandet","Polsk","Polsk","vgs","N",0.991351594093663
"c3a32f88eca01944b4a494e77cbb34fd",297,"BF",323,6,8343,20,"F","Polsk","Østlandet","Polsk","Polsk","vgs","N",0.535865726537115
"c3a32f88eca01944b4a494e77cbb34fd",48,"longWhetherNoI",24,6,6178,20,"F","Polsk","Østlandet","Polsk","Polsk","vgs","N",0.535865726537115
"c3a32f88eca01944b4a494e77cbb34fd",277,"BF",303,4,12481,20,"F","Polsk","Østlandet","Polsk","Polsk","vgs","N",-0.37510600857598
"c3a32f88eca01944b4a494e77cbb34fd",111,"ShortFordiNoIsl",19,7,7351,20,"F","Polsk","Østlandet","Polsk","Polsk","vgs","N",0.991351594093663
"c3a32f88eca01944b4a494e77cbb34fd",292,"BF",318,3,10105,20,"F","Polsk","Østlandet","Polsk","Polsk","vgs","N",-0.830591876132528
"c3a32f88eca01944b4a494e77cbb34fd",218,"LongSubjectIsl",98,1,14990,20,"F","Polsk","Østlandet","Polsk","Polsk","vgs","N",-1.74156361124562
"c3a32f88eca01944b4a494e77cbb34fd",229,"ShortSubjectIsl",103,7,10214,20,"F","Polsk","Østlandet","Polsk","Polsk","vgs","N",0.991351594093663
"c3a32f88eca01944b4a494e77cbb34fd",284,"BF",310,1,7508,20,"F","Polsk","Østlandet","Polsk","Polsk","vgs","N",-1.74156361124562
"c3a32f88eca01944b4a494e77cbb34fd",186,"LongAdjunctIsl",64,6,11177,20,"F","Polsk","Østlandet","Polsk","Polsk","vgs","N",0.535865726537115
"c3a32f88eca01944b4a494e77cbb34fd",294,"BF",320,1,5318,20,"F","Polsk","Østlandet","Polsk","Polsk","vgs","N",-1.74156361124562
"c3a32f88eca01944b4a494e77cbb34fd",21,"shortWhetherIsl",17,6,9498,20,"F","Polsk","Østlandet","Polsk","Polsk","vgs","N",0.535865726537115
"c3a32f88eca01944b4a494e77cbb34fd",296,"BF",322,1,8484,20,"F","Polsk","Østlandet","Polsk","Polsk","vgs","N",-1.74156361124562
"c3a32f88eca01944b4a494e77cbb34fd",208,"LongAdjunctNoIsl",72,7,5920,20,"F","Polsk","Østlandet","Polsk","Polsk","vgs","N",0.991351594093663
"c3a32f88eca01944b4a494e77cbb34fd",16,"localTop",602,4,23252,20,"F","Polsk","Østlandet","Polsk","Polsk","vgs","N",-0.37510600857598
"c3e05977b540f5c1e738e416b3a9284b",204,"LongAdjunctNoIsl",71,5,32581,20,"F","norsk","Nord-Trøndelag","norsk","norsk","vgs","N",0.666756068585427
"c3e05977b540f5c1e738e416b3a9284b",167,"ShortAdjunctNoIsl",60,6,47943,20,"F","norsk","Nord-Trøndelag","norsk","norsk","vgs","N",1.09181306230864
"c3e05977b540f5c1e738e416b3a9284b",283,"BF",309,1,9700,20,"F","norsk","Nord-Trøndelag","norsk","norsk","vgs","N",-1.03347190630741
"c3e05977b540f5c1e738e416b3a9284b",57,"ShortFordiIsl",2,7,13053,20,"F","norsk","Nord-Trøndelag","norsk","norsk","vgs","N",1.51687005603185
"c3e05977b540f5c1e738e416b3a9284b",278,"BF",304,1,16331,20,"F","norsk","Nord-Trøndelag","norsk","norsk","vgs","N",-1.03347190630741
"c3e05977b540f5c1e738e416b3a9284b",182,"LongAdjunctIsl",63,3,36556,20,"F","norsk","Nord-Trøndelag","norsk","norsk","vgs","N",-0.183357918860992
"c3e05977b540f5c1e738e416b3a9284b",288,"BF",314,1,17633,20,"F","norsk","Nord-Trøndelag","norsk","norsk","vgs","N",-1.03347190630741
"c3e05977b540f5c1e738e416b3a9284b",68,"LongFordiNoIsl",6,4,12093,20,"F","norsk","Nord-Trøndelag","norsk","norsk","vgs","N",0.241699074862218
"c3e05977b540f5c1e738e416b3a9284b",161,"ShortAdjunctIsl",58,5,15474,20,"F","norsk","Nord-Trøndelag","norsk","norsk","vgs","N",0.666756068585427
"c3e05977b540f5c1e738e416b3a9284b",289,"BF",315,3,17014,20,"F","norsk","Nord-Trøndelag","norsk","norsk","vgs","N",-0.183357918860992
"c3e05977b540f5c1e738e416b3a9284b",263,"ShortSubjectNoIsl",117,7,9471,20,"F","norsk","Nord-Trøndelag","norsk","norsk","vgs","N",1.51687005603185
"c3e05977b540f5c1e738e416b3a9284b",294,"BF",320,1,10785,20,"F","norsk","Nord-Trøndelag","norsk","norsk","vgs","N",-1.03347190630741
"c3e05977b540f5c1e738e416b3a9284b",188,"LongAdjunctNoIsl",65,4,35629,20,"F","norsk","Nord-Trøndelag","norsk","norsk","vgs","N",0.241699074862218
"c3e05977b540f5c1e738e416b3a9284b",296,"BF",322,1,9676,20,"F","norsk","Nord-Trøndelag","norsk","norsk","vgs","N",-1.03347190630741
"c3e05977b540f5c1e738e416b3a9284b",183,"ShortAdjunctNoIsl",64,7,11533,20,"F","norsk","Nord-Trøndelag","norsk","norsk","vgs","N",1.51687005603185
"c3e05977b540f5c1e738e416b3a9284b",220,"LongSubjectNoIsl",99,5,26155,20,"F","norsk","Nord-Trøndelag","norsk","norsk","vgs","N",0.666756068585427
"c3e05977b540f5c1e738e416b3a9284b",279,"BF",305,2,12038,20,"F","norsk","Nord-Trøndelag","norsk","norsk","vgs","N",-0.608414912584202
"c3e05977b540f5c1e738e416b3a9284b",117,"ShortFordiIsl",20,7,16816,20,"F","norsk","Nord-Trøndelag","norsk","norsk","vgs","N",1.51687005603185
"c3e05977b540f5c1e738e416b3a9284b",300,"BF",326,2,9679,20,"F","norsk","Nord-Trøndelag","norsk","norsk","vgs","N",-0.608414912584202
"c3e05977b540f5c1e738e416b3a9284b",122,"LongFordiIsl",21,3,15525,20,"F","norsk","Nord-Trøndelag","norsk","norsk","vgs","N",-0.183357918860992
"c3e05977b540f5c1e738e416b3a9284b",285,"BF",311,1,16309,20,"F","norsk","Nord-Trøndelag","norsk","norsk","vgs","N",-1.03347190630741
"c3e05977b540f5c1e738e416b3a9284b",198,"LongAdjunctIsl",68,2,20438,20,"F","norsk","Nord-Trøndelag","norsk","norsk","vgs","N",-0.608414912584202
"c3e05977b540f5c1e738e416b3a9284b",52,"LongFordiNoIsl",1,5,14784,20,"F","norsk","Nord-Trøndelag","norsk","norsk","vgs","N",0.666756068585427
"c3e05977b540f5c1e738e416b3a9284b",291,"BF",317,1,8607,20,"F","norsk","Nord-Trøndelag","norsk","norsk","vgs","N",-1.03347190630741
"c3e05977b540f5c1e738e416b3a9284b",257,"ShortSubjectIsl",113,7,19903,20,"F","norsk","Nord-Trøndelag","norsk","norsk","vgs","N",1.51687005603185
"c3e05977b540f5c1e738e416b3a9284b",282,"BF",308,5,8579,20,"F","norsk","Nord-Trøndelag","norsk","norsk","vgs","N",0.666756068585427
"c3e05977b540f5c1e738e416b3a9284b",79,"ShortFordiNoIsl",9,1,12268,20,"F","norsk","Nord-Trøndelag","norsk","norsk","vgs","N",-1.03347190630741
"c3e05977b540f5c1e738e416b3a9284b",17,"localTop",603,1,26664,20,"F","norsk","Nord-Trøndelag","norsk","norsk","vgs","N",-1.03347190630741
"c3e05977b540f5c1e738e416b3a9284b",193,"ShortAdjunctIsl",66,3,12623,20,"F","norsk","Nord-Trøndelag","norsk","norsk","vgs","N",-0.183357918860992
"c3e05977b540f5c1e738e416b3a9284b",214,"LongSubjectIsl",97,2,9377,20,"F","norsk","Nord-Trøndelag","norsk","norsk","vgs","N",-0.608414912584202
"c3e05977b540f5c1e738e416b3a9284b",297,"BF",323,1,7390,20,"F","norsk","Nord-Trøndelag","norsk","norsk","vgs","N",-1.03347190630741
"c3e05977b540f5c1e738e416b3a9284b",215,"ShortSubjectNoIsl",98,6,66392,20,"F","norsk","Nord-Trøndelag","norsk","norsk","vgs","N",1.09181306230864
"c3e05977b540f5c1e738e416b3a9284b",307,"BF",201,1,6282,20,"F","norsk","Nord-Trøndelag","norsk","norsk","vgs","N",-1.03347190630741
"c3e05977b540f5c1e738e416b3a9284b",172,"LongAdjunctNoIsl",61,5,11664,20,"F","norsk","Nord-Trøndelag","norsk","norsk","vgs","N",0.666756068585427
"c3e05977b540f5c1e738e416b3a9284b",311,"BF",205,1,28933,20,"F","norsk","Nord-Trøndelag","norsk","norsk","vgs","N",-1.03347190630741
"c3e05977b540f5c1e738e416b3a9284b",199,"ShortAdjunctNoIsl",69,7,10056,20,"F","norsk","Nord-Trøndelag","norsk","norsk","vgs","N",1.51687005603185
"c3e05977b540f5c1e738e416b3a9284b",236,"LongSubjectNoIsl",106,3,9803,20,"F","norsk","Nord-Trøndelag","norsk","norsk","vgs","N",-0.183357918860992
"c3e05977b540f5c1e738e416b3a9284b",276,"BF",302,1,5975,20,"F","norsk","Nord-Trøndelag","norsk","norsk","vgs","N",-1.03347190630741
"c3e05977b540f5c1e738e416b3a9284b",105,"ShortFordiIsl",15,6,16736,20,"F","norsk","Nord-Trøndelag","norsk","norsk","vgs","N",1.09181306230864
"c3e05977b540f5c1e738e416b3a9284b",303,"BF",329,1,9394,20,"F","norsk","Nord-Trøndelag","norsk","norsk","vgs","N",-1.03347190630741
"c3e05977b540f5c1e738e416b3a9284b",62,"LongFordiIsl",3,1,9162,20,"F","norsk","Nord-Trøndelag","norsk","norsk","vgs","N",-1.03347190630741
"c3e05977b540f5c1e738e416b3a9284b",310,"BF",204,1,10791,20,"F","norsk","Nord-Trøndelag","norsk","norsk","vgs","N",-1.03347190630741
"c3e05977b540f5c1e738e416b3a9284b",166,"LongAdjunctIsl",59,2,4714,20,"F","norsk","Nord-Trøndelag","norsk","norsk","vgs","N",-0.608414912584202
"c3e05977b540f5c1e738e416b3a9284b",112,"LongFordiNoIsl",19,7,10355,20,"F","norsk","Nord-Trøndelag","norsk","norsk","vgs","N",1.51687005603185
"c3e05977b540f5c1e738e416b3a9284b",293,"BF",319,1,8881,20,"F","norsk","Nord-Trøndelag","norsk","norsk","vgs","N",-1.03347190630741
"c3e05977b540f5c1e738e416b3a9284b",273,"ShortSubjectIsl",120,7,6585,20,"F","norsk","Nord-Trøndelag","norsk","norsk","vgs","N",1.51687005603185
"c3e05977b540f5c1e738e416b3a9284b",299,"BF",325,1,7618,20,"F","norsk","Nord-Trøndelag","norsk","norsk","vgs","N",-1.03347190630741
"c3e05977b540f5c1e738e416b3a9284b",39,"shortWhetherNoI",22,3,26409,20,"F","norsk","Nord-Trøndelag","norsk","norsk","vgs","N",-0.183357918860992
"c3e05977b540f5c1e738e416b3a9284b",290,"BF",316,1,8922,20,"F","norsk","Nord-Trøndelag","norsk","norsk","vgs","N",-1.03347190630741
"c3e05977b540f5c1e738e416b3a9284b",177,"ShortAdjunctIsl",62,7,18387,20,"F","norsk","Nord-Trøndelag","norsk","norsk","vgs","N",1.51687005603185
"c3e05977b540f5c1e738e416b3a9284b",230,"LongSubjectIsl",103,2,15635,20,"F","norsk","Nord-Trøndelag","norsk","norsk","vgs","N",-0.608414912584202
"c3e05977b540f5c1e738e416b3a9284b",16,"localTop",602,2,10249,20,"F","norsk","Nord-Trøndelag","norsk","norsk","vgs","N",-0.608414912584202
"c3e05977b540f5c1e738e416b3a9284b",247,"ShortSubjectNoIsl",109,7,28055,20,"F","norsk","Nord-Trøndelag","norsk","norsk","vgs","N",1.51687005603185
"c3e05977b540f5c1e738e416b3a9284b",286,"BF",312,2,12898,20,"F","norsk","Nord-Trøndelag","norsk","norsk","vgs","N",-0.608414912584202
"c3e05977b540f5c1e738e416b3a9284b",156,"LongAdjunctNoIsl",57,6,9418,20,"F","norsk","Nord-Trøndelag","norsk","norsk","vgs","N",1.09181306230864
"c3e05977b540f5c1e738e416b3a9284b",309,"BF",203,1,31377,20,"F","norsk","Nord-Trøndelag","norsk","norsk","vgs","N",-1.03347190630741
"c3e05977b540f5c1e738e416b3a9284b",135,"ShortAdjunctNoIsl",52,5,52110,20,"F","norsk","Nord-Trøndelag","norsk","norsk","vgs","N",0.666756068585427
"c3e05977b540f5c1e738e416b3a9284b",304,"BF",331,1,7758,20,"F","norsk","Nord-Trøndelag","norsk","norsk","vgs","N",-1.03347190630741
"c3e05977b540f5c1e738e416b3a9284b",268,"LongSubjectNoIsl",118,3,44437,20,"F","norsk","Nord-Trøndelag","norsk","norsk","vgs","N",-0.183357918860992
"c3e05977b540f5c1e738e416b3a9284b",89,"ShortFordiIsl",11,7,7860,20,"F","norsk","Nord-Trøndelag","norsk","norsk","vgs","N",1.51687005603185
"c3e05977b540f5c1e738e416b3a9284b",305,"BF",332,2,19541,20,"F","norsk","Nord-Trøndelag","norsk","norsk","vgs","N",-0.608414912584202
"c3e05977b540f5c1e738e416b3a9284b",78,"LongFordiIsl",8,1,9920,20,"F","norsk","Nord-Trøndelag","norsk","norsk","vgs","N",-1.03347190630741
"c3e05977b540f5c1e738e416b3a9284b",312,"BF",206,1,37607,20,"F","norsk","Nord-Trøndelag","norsk","norsk","vgs","N",-1.03347190630741
"c3e05977b540f5c1e738e416b3a9284b",150,"LongAdjunctIsl",55,3,10321,20,"F","norsk","Nord-Trøndelag","norsk","norsk","vgs","N",-0.183357918860992
"c3e05977b540f5c1e738e416b3a9284b",306,"BF",213,4,8960,20,"F","norsk","Nord-Trøndelag","norsk","norsk","vgs","N",0.241699074862218
"c3e05977b540f5c1e738e416b3a9284b",84,"LongFordiNoIsl",10,5,15760,20,"F","norsk","Nord-Trøndelag","norsk","norsk","vgs","N",0.666756068585427
"c3e05977b540f5c1e738e416b3a9284b",225,"ShortSubjectIsl",100,7,12185,20,"F","norsk","Nord-Trøndelag","norsk","norsk","vgs","N",1.51687005603185
"c3e05977b540f5c1e738e416b3a9284b",277,"BF",303,1,1100158,20,"F","norsk","Nord-Trøndelag","norsk","norsk","vgs","N",-1.03347190630741
"c3e05977b540f5c1e738e416b3a9284b",63,"ShortFordiNoIsl",4,7,33181,20,"F","norsk","Nord-Trøndelag","norsk","norsk","vgs","N",1.51687005603185
"c3e05977b540f5c1e738e416b3a9284b",313,"BF",207,1,14188,20,"F","norsk","Nord-Trøndelag","norsk","norsk","vgs","N",-1.03347190630741
"c3e05977b540f5c1e738e416b3a9284b",145,"ShortAdjunctIsl",54,7,68832,20,"F","norsk","Nord-Trøndelag","norsk","norsk","vgs","N",1.51687005603185
"c3e05977b540f5c1e738e416b3a9284b",287,"BF",313,1,7592,20,"F","norsk","Nord-Trøndelag","norsk","norsk","vgs","N",-1.03347190630741
"c3e05977b540f5c1e738e416b3a9284b",246,"LongSubjectIsl",108,1,17813,20,"F","norsk","Nord-Trøndelag","norsk","norsk","vgs","N",-1.03347190630741
"c3e05977b540f5c1e738e416b3a9284b",231,"ShortSubjectNoIsl",104,7,10566,20,"F","norsk","Nord-Trøndelag","norsk","norsk","vgs","N",1.51687005603185
"c3e05977b540f5c1e738e416b3a9284b",275,"BF",301,1,5653,20,"F","norsk","Nord-Trøndelag","norsk","norsk","vgs","N",-1.03347190630741
"c3e05977b540f5c1e738e416b3a9284b",140,"LongAdjunctNoIsl",53,5,16364,20,"F","norsk","Nord-Trøndelag","norsk","norsk","vgs","N",0.666756068585427
"c3e05977b540f5c1e738e416b3a9284b",15,"localTop",601,6,12963,20,"F","norsk","Nord-Trøndelag","norsk","norsk","vgs","N",1.09181306230864
"c3e05977b540f5c1e738e416b3a9284b",151,"ShortAdjunctNoIsl",56,6,14183,20,"F","norsk","Nord-Trøndelag","norsk","norsk","vgs","N",1.09181306230864
"c3e05977b540f5c1e738e416b3a9284b",314,"BF",208,1,4244,20,"F","norsk","Nord-Trøndelag","norsk","norsk","vgs","N",-1.03347190630741
"c3e05977b540f5c1e738e416b3a9284b",252,"LongSubjectNoIsl",110,3,4495,20,"F","norsk","Nord-Trøndelag","norsk","norsk","vgs","N",-0.183357918860992
"c3e05977b540f5c1e738e416b3a9284b",49,"shortWhetherIsl",24,7,5370,20,"F","norsk","Nord-Trøndelag","norsk","norsk","vgs","N",1.51687005603185
"c3e05977b540f5c1e738e416b3a9284b",281,"BF",307,1,3964,20,"F","norsk","Nord-Trøndelag","norsk","norsk","vgs","N",-1.03347190630741
"c3e05977b540f5c1e738e416b3a9284b",73,"ShortFordiIsl",7,7,6415,20,"F","norsk","Nord-Trøndelag","norsk","norsk","vgs","N",1.51687005603185
"c3e05977b540f5c1e738e416b3a9284b",280,"BF",306,2,5259,20,"F","norsk","Nord-Trøndelag","norsk","norsk","vgs","N",-0.608414912584202
"c3e05977b540f5c1e738e416b3a9284b",44,"longWhetherNoI",23,6,3955,20,"F","norsk","Nord-Trøndelag","norsk","norsk","vgs","N",1.09181306230864
"c3e05977b540f5c1e738e416b3a9284b",302,"BF",328,5,9567,20,"F","norsk","Nord-Trøndelag","norsk","norsk","vgs","N",0.666756068585427
"c3e05977b540f5c1e738e416b3a9284b",94,"LongFordiIsl",12,2,4949,20,"F","norsk","Nord-Trøndelag","norsk","norsk","vgs","N",-0.608414912584202
"c3e05977b540f5c1e738e416b3a9284b",22,"longWhetherIsla",17,5,5742,20,"F","norsk","Nord-Trøndelag","norsk","norsk","vgs","N",0.666756068585427
"c3e05977b540f5c1e738e416b3a9284b",298,"BF",324,1,3428,20,"F","norsk","Nord-Trøndelag","norsk","norsk","vgs","N",-1.03347190630741
"c3e05977b540f5c1e738e416b3a9284b",134,"LongAdjunctIsl",50,4,3947,20,"F","norsk","Nord-Trøndelag","norsk","norsk","vgs","N",0.241699074862218
"c3e05977b540f5c1e738e416b3a9284b",308,"BF",202,1,8924,20,"F","norsk","Nord-Trøndelag","norsk","norsk","vgs","N",-1.03347190630741
"c3e05977b540f5c1e738e416b3a9284b",100,"LongFordiNoIsl",14,2,71820,20,"F","norsk","Nord-Trøndelag","norsk","norsk","vgs","N",-0.608414912584202
"c3e05977b540f5c1e738e416b3a9284b",295,"BF",321,1,4696,20,"F","norsk","Nord-Trøndelag","norsk","norsk","vgs","N",-1.03347190630741
"c3e05977b540f5c1e738e416b3a9284b",241,"ShortSubjectIsl",107,7,349067,20,"F","norsk","Nord-Trøndelag","norsk","norsk","vgs","N",1.51687005603185
"c3e05977b540f5c1e738e416b3a9284b",23,"shortWhetherNoI",18,7,8869,20,"F","norsk","Nord-Trøndelag","norsk","norsk","vgs","N",1.51687005603185
"c3e05977b540f5c1e738e416b3a9284b",301,"BF",327,5,4999,20,"F","norsk","Nord-Trøndelag","norsk","norsk","vgs","N",0.666756068585427
"c3e05977b540f5c1e738e416b3a9284b",95,"ShortFordiNoIsl",13,5,7117,20,"F","norsk","Nord-Trøndelag","norsk","norsk","vgs","N",0.666756068585427
"c3e05977b540f5c1e738e416b3a9284b",284,"BF",310,1,2507,20,"F","norsk","Nord-Trøndelag","norsk","norsk","vgs","N",-1.03347190630741
"c3e05977b540f5c1e738e416b3a9284b",209,"ShortAdjunctIsl",72,4,18971,20,"F","norsk","Nord-Trøndelag","norsk","norsk","vgs","N",0.241699074862218
"c3e05977b540f5c1e738e416b3a9284b",292,"BF",318,1,5439,20,"F","norsk","Nord-Trøndelag","norsk","norsk","vgs","N",-1.03347190630741
"c3e05977b540f5c1e738e416b3a9284b",262,"LongSubjectIsl",116,2,4879,20,"F","norsk","Nord-Trøndelag","norsk","norsk","vgs","N",-0.608414912584202
"c3e05977b540f5c1e738e416b3a9284b",18,"localTop",604,2,15225,20,"F","norsk","Nord-Trøndelag","norsk","norsk","vgs","N",-0.608414912584202
"c42a8d56b014b7cbf34439e8f5fc8271",83,"ShortFordiNoIsl",10,7,11284,25,"M","norsk","Nord-Norge","norsk","norsk","master","N",1.67729118194306
"c42a8d56b014b7cbf34439e8f5fc8271",187,"ShortAdjunctNoIsl",65,7,12753,25,"M","norsk","Nord-Norge","norsk","norsk","master","N",1.67729118194306
"c42a8d56b014b7cbf34439e8f5fc8271",290,"BF",316,1,9366,25,"M","norsk","Nord-Norge","norsk","norsk","master","N",-1.06736711578195
"c42a8d56b014b7cbf34439e8f5fc8271",192,"LongAdjunctNoIsl",66,6,21558,25,"M","norsk","Nord-Norge","norsk","norsk","master","N",1.21984813232222
"c42a8d56b014b7cbf34439e8f5fc8271",306,"BF",213,1,8779,25,"M","norsk","Nord-Norge","norsk","norsk","master","N",-1.06736711578195
"c42a8d56b014b7cbf34439e8f5fc8271",181,"ShortAdjunctIsl",63,6,27747,25,"M","norsk","Nord-Norge","norsk","norsk","master","N",1.21984813232222
"c42a8d56b014b7cbf34439e8f5fc8271",304,"BF",331,1,8565,25,"M","norsk","Nord-Norge","norsk","norsk","master","N",-1.06736711578195
"c42a8d56b014b7cbf34439e8f5fc8271",186,"LongAdjunctIsl",64,4,15480,25,"M","norsk","Nord-Norge","norsk","norsk","master","N",0.304962033080556
"c42a8d56b014b7cbf34439e8f5fc8271",72,"LongFordiNoIsl",7,4,11829,25,"M","norsk","Nord-Norge","norsk","norsk","master","N",0.304962033080556
"c42a8d56b014b7cbf34439e8f5fc8271",301,"BF",327,5,15532,25,"M","norsk","Nord-Norge","norsk","norsk","master","N",0.76240508270139
"c42a8d56b014b7cbf34439e8f5fc8271",82,"LongFordiIsl",9,1,16560,25,"M","norsk","Nord-Norge","norsk","norsk","master","N",-1.06736711578195
"c42a8d56b014b7cbf34439e8f5fc8271",277,"BF",303,2,7633,25,"M","norsk","Nord-Norge","norsk","norsk","master","N",-0.609924066161112
"c42a8d56b014b7cbf34439e8f5fc8271",67,"ShortFordiNoIsl",6,7,11362,25,"M","norsk","Nord-Norge","norsk","norsk","master","N",1.67729118194306
"c42a8d56b014b7cbf34439e8f5fc8271",303,"BF",329,1,9457,25,"M","norsk","Nord-Norge","norsk","norsk","master","N",-1.06736711578195
"c42a8d56b014b7cbf34439e8f5fc8271",171,"ShortAdjunctNoIsl",61,7,15199,25,"M","norsk","Nord-Norge","norsk","norsk","master","N",1.67729118194306
"c42a8d56b014b7cbf34439e8f5fc8271",208,"LongAdjunctNoIsl",72,4,59555,25,"M","norsk","Nord-Norge","norsk","norsk","master","N",0.304962033080556
"c42a8d56b014b7cbf34439e8f5fc8271",298,"BF",324,1,6293,25,"M","norsk","Nord-Norge","norsk","norsk","master","N",-1.06736711578195
"c42a8d56b014b7cbf34439e8f5fc8271",251,"ShortSubjectNoIsl",110,4,12070,25,"M","norsk","Nord-Norge","norsk","norsk","master","N",0.304962033080556
"c42a8d56b014b7cbf34439e8f5fc8271",296,"BF",322,2,17491,25,"M","norsk","Nord-Norge","norsk","norsk","master","N",-0.609924066161112
"c42a8d56b014b7cbf34439e8f5fc8271",234,"LongSubjectIsl",104,2,10929,25,"M","norsk","Nord-Norge","norsk","norsk","master","N",-0.609924066161112
"c42a8d56b014b7cbf34439e8f5fc8271",295,"BF",321,2,8798,25,"M","norsk","Nord-Norge","norsk","norsk","master","N",-0.609924066161112
"c42a8d56b014b7cbf34439e8f5fc8271",149,"ShortAdjunctIsl",55,4,10649,25,"M","norsk","Nord-Norge","norsk","norsk","master","N",0.304962033080556
"c42a8d56b014b7cbf34439e8f5fc8271",261,"ShortSubjectIsl",116,4,11124,25,"M","norsk","Nord-Norge","norsk","norsk","master","N",0.304962033080556
"c42a8d56b014b7cbf34439e8f5fc8271",313,"BF",207,2,8854,25,"M","norsk","Nord-Norge","norsk","norsk","master","N",-0.609924066161112
"c42a8d56b014b7cbf34439e8f5fc8271",170,"LongAdjunctIsl",60,3,7205,25,"M","norsk","Nord-Norge","norsk","norsk","master","N",-0.152481016540278
"c42a8d56b014b7cbf34439e8f5fc8271",16,"localTop",602,2,7132,25,"M","norsk","Nord-Norge","norsk","norsk","master","N",-0.609924066161112
"c42a8d56b014b7cbf34439e8f5fc8271",56,"LongFordiNoIsl",2,7,7847,25,"M","norsk","Nord-Norge","norsk","norsk","master","N",1.67729118194306
"c42a8d56b014b7cbf34439e8f5fc8271",282,"BF",308,3,9345,25,"M","norsk","Nord-Norge","norsk","norsk","master","N",-0.152481016540278
"c42a8d56b014b7cbf34439e8f5fc8271",240,"LongSubjectNoIsl",107,4,30933,25,"M","norsk","Nord-Norge","norsk","norsk","master","N",0.304962033080556
"c42a8d56b014b7cbf34439e8f5fc8271",121,"ShortFordiIsl",21,6,14543,25,"M","norsk","Nord-Norge","norsk","norsk","master","N",1.21984813232222
"c42a8d56b014b7cbf34439e8f5fc8271",309,"BF",203,2,8759,25,"M","norsk","Nord-Norge","norsk","norsk","master","N",-0.609924066161112
"c42a8d56b014b7cbf34439e8f5fc8271",126,"LongFordiIsl",22,3,20541,25,"M","norsk","Nord-Norge","norsk","norsk","master","N",-0.152481016540278
"c42a8d56b014b7cbf34439e8f5fc8271",294,"BF",320,1,6288,25,"M","norsk","Nord-Norge","norsk","norsk","master","N",-1.06736711578195
"c42a8d56b014b7cbf34439e8f5fc8271",99,"ShortFordiNoIsl",14,3,9635,25,"M","norsk","Nord-Norge","norsk","norsk","master","N",-0.152481016540278
"c42a8d56b014b7cbf34439e8f5fc8271",311,"BF",205,2,11402,25,"M","norsk","Nord-Norge","norsk","norsk","master","N",-0.609924066161112
"c42a8d56b014b7cbf34439e8f5fc8271",155,"ShortAdjunctNoIsl",57,7,8845,25,"M","norsk","Nord-Norge","norsk","norsk","master","N",1.67729118194306
"c42a8d56b014b7cbf34439e8f5fc8271",160,"LongAdjunctNoIsl",58,7,9758,25,"M","norsk","Nord-Norge","norsk","norsk","master","N",1.67729118194306
"c42a8d56b014b7cbf34439e8f5fc8271",275,"BF",301,1,6927,25,"M","norsk","Nord-Norge","norsk","norsk","master","N",-1.06736711578195
"c42a8d56b014b7cbf34439e8f5fc8271",267,"ShortSubjectNoIsl",118,4,11885,25,"M","norsk","Nord-Norge","norsk","norsk","master","N",0.304962033080556
"c42a8d56b014b7cbf34439e8f5fc8271",281,"BF",307,1,9196,25,"M","norsk","Nord-Norge","norsk","norsk","master","N",-1.06736711578195
"c42a8d56b014b7cbf34439e8f5fc8271",250,"LongSubjectIsl",109,1,9846,25,"M","norsk","Nord-Norge","norsk","norsk","master","N",-1.06736711578195
"c42a8d56b014b7cbf34439e8f5fc8271",289,"BF",315,4,9954,25,"M","norsk","Nord-Norge","norsk","norsk","master","N",0.304962033080556
"c42a8d56b014b7cbf34439e8f5fc8271",197,"ShortAdjunctIsl",68,5,15716,25,"M","norsk","Nord-Norge","norsk","norsk","master","N",0.76240508270139
"c42a8d56b014b7cbf34439e8f5fc8271",229,"ShortSubjectIsl",103,6,14562,25,"M","norsk","Nord-Norge","norsk","norsk","master","N",1.21984813232222
"c42a8d56b014b7cbf34439e8f5fc8271",283,"BF",309,1,7335,25,"M","norsk","Nord-Norge","norsk","norsk","master","N",-1.06736711578195
"c42a8d56b014b7cbf34439e8f5fc8271",138,"LongAdjunctIsl",52,2,15157,25,"M","norsk","Nord-Norge","norsk","norsk","master","N",-0.609924066161112
"c42a8d56b014b7cbf34439e8f5fc8271",280,"BF",306,2,7332,25,"M","norsk","Nord-Norge","norsk","norsk","master","N",-0.609924066161112
"c42a8d56b014b7cbf34439e8f5fc8271",88,"LongFordiNoIsl",11,3,44350,25,"M","norsk","Nord-Norge","norsk","norsk","master","N",-0.152481016540278
"c42a8d56b014b7cbf34439e8f5fc8271",17,"localTop",603,2,38434,25,"M","norsk","Nord-Norge","norsk","norsk","master","N",-0.609924066161112
"c42a8d56b014b7cbf34439e8f5fc8271",256,"LongSubjectNoIsl",113,3,9871,25,"M","norsk","Nord-Norge","norsk","norsk","master","N",-0.152481016540278
"c42a8d56b014b7cbf34439e8f5fc8271",77,"ShortFordiIsl",8,7,14859,25,"M","norsk","Nord-Norge","norsk","norsk","master","N",1.67729118194306
"c42a8d56b014b7cbf34439e8f5fc8271",305,"BF",332,1,9369,25,"M","norsk","Nord-Norge","norsk","norsk","master","N",-1.06736711578195
"c42a8d56b014b7cbf34439e8f5fc8271",98,"LongFordiIsl",13,3,40498,25,"M","norsk","Nord-Norge","norsk","norsk","master","N",-0.152481016540278
"c42a8d56b014b7cbf34439e8f5fc8271",292,"BF",318,1,9256,25,"M","norsk","Nord-Norge","norsk","norsk","master","N",-1.06736711578195
"c42a8d56b014b7cbf34439e8f5fc8271",51,"ShortFordiNoIsl",1,7,10038,25,"M","norsk","Nord-Norge","norsk","norsk","master","N",1.67729118194306
"c42a8d56b014b7cbf34439e8f5fc8271",302,"BF",328,1,39058,25,"M","norsk","Nord-Norge","norsk","norsk","master","N",-1.06736711578195
"c42a8d56b014b7cbf34439e8f5fc8271",203,"ShortAdjunctNoIsl",71,7,36027,25,"M","norsk","Nord-Norge","norsk","norsk","master","N",1.67729118194306
"c42a8d56b014b7cbf34439e8f5fc8271",284,"BF",310,1,7361,25,"M","norsk","Nord-Norge","norsk","norsk","master","N",-1.06736711578195
"c42a8d56b014b7cbf34439e8f5fc8271",176,"LongAdjunctNoIsl",62,3,10314,25,"M","norsk","Nord-Norge","norsk","norsk","master","N",-0.152481016540278
"c42a8d56b014b7cbf34439e8f5fc8271",219,"ShortSubjectNoIsl",99,1,71258,25,"M","norsk","Nord-Norge","norsk","norsk","master","N",-1.06736711578195
"c42a8d56b014b7cbf34439e8f5fc8271",297,"BF",323,3,5921,25,"M","norsk","Nord-Norge","norsk","norsk","master","N",-0.152481016540278
"c42a8d56b014b7cbf34439e8f5fc8271",218,"LongSubjectIsl",98,1,7671,25,"M","norsk","Nord-Norge","norsk","norsk","master","N",-1.06736711578195
"c42a8d56b014b7cbf34439e8f5fc8271",288,"BF",314,1,8606,25,"M","norsk","Nord-Norge","norsk","norsk","master","N",-1.06736711578195
"c42a8d56b014b7cbf34439e8f5fc8271",165,"ShortAdjunctIsl",59,7,14402,25,"M","norsk","Nord-Norge","norsk","norsk","master","N",1.67729118194306
"c42a8d56b014b7cbf34439e8f5fc8271",293,"BF",319,1,12632,25,"M","norsk","Nord-Norge","norsk","norsk","master","N",-1.06736711578195
"c42a8d56b014b7cbf34439e8f5fc8271",213,"ShortSubjectIsl",97,5,41830,25,"M","norsk","Nord-Norge","norsk","norsk","master","N",0.76240508270139
"c42a8d56b014b7cbf34439e8f5fc8271",154,"LongAdjunctIsl",56,3,10582,25,"M","norsk","Nord-Norge","norsk","norsk","master","N",-0.152481016540278
"c42a8d56b014b7cbf34439e8f5fc8271",286,"BF",312,1,15354,25,"M","norsk","Nord-Norge","norsk","norsk","master","N",-1.06736711578195
"c42a8d56b014b7cbf34439e8f5fc8271",104,"LongFordiNoIsl",15,3,11413,25,"M","norsk","Nord-Norge","norsk","norsk","master","N",-0.152481016540278
"c42a8d56b014b7cbf34439e8f5fc8271",307,"BF",201,3,34861,25,"M","norsk","Nord-Norge","norsk","norsk","master","N",-0.152481016540278
"c42a8d56b014b7cbf34439e8f5fc8271",272,"LongSubjectNoIsl",120,3,16482,25,"M","norsk","Nord-Norge","norsk","norsk","master","N",-0.152481016540278
"c42a8d56b014b7cbf34439e8f5fc8271",299,"BF",325,1,10349,25,"M","norsk","Nord-Norge","norsk","norsk","master","N",-1.06736711578195
"c42a8d56b014b7cbf34439e8f5fc8271",93,"ShortFordiIsl",12,7,19823,25,"M","norsk","Nord-Norge","norsk","norsk","master","N",1.67729118194306
"c42a8d56b014b7cbf34439e8f5fc8271",66,"LongFordiIsl",4,3,6651,25,"M","norsk","Nord-Norge","norsk","norsk","master","N",-0.152481016540278
"c42a8d56b014b7cbf34439e8f5fc8271",15,"localTop",601,5,29090,25,"M","norsk","Nord-Norge","norsk","norsk","master","N",0.76240508270139
"c42a8d56b014b7cbf34439e8f5fc8271",111,"ShortFordiNoIsl",19,7,30228,25,"M","norsk","Nord-Norge","norsk","norsk","master","N",1.67729118194306
"c42a8d56b014b7cbf34439e8f5fc8271",310,"BF",204,2,6981,25,"M","norsk","Nord-Norge","norsk","norsk","master","N",-0.609924066161112
"c42a8d56b014b7cbf34439e8f5fc8271",43,"shortWhetherNoI",23,7,10394,25,"M","norsk","Nord-Norge","norsk","norsk","master","N",1.67729118194306
"c42a8d56b014b7cbf34439e8f5fc8271",312,"BF",206,1,30154,25,"M","norsk","Nord-Norge","norsk","norsk","master","N",-1.06736711578195
"c42a8d56b014b7cbf34439e8f5fc8271",139,"ShortAdjunctNoIsl",53,6,35389,25,"M","norsk","Nord-Norge","norsk","norsk","master","N",1.21984813232222
"c42a8d56b014b7cbf34439e8f5fc8271",144,"LongAdjunctNoIsl",54,2,39679,25,"M","norsk","Nord-Norge","norsk","norsk","master","N",-0.609924066161112
"c42a8d56b014b7cbf34439e8f5fc8271",278,"BF",304,1,34008,25,"M","norsk","Nord-Norge","norsk","norsk","master","N",-1.06736711578195
"c42a8d56b014b7cbf34439e8f5fc8271",235,"ShortSubjectNoIsl",106,7,27163,25,"M","norsk","Nord-Norge","norsk","norsk","master","N",1.67729118194306
"c42a8d56b014b7cbf34439e8f5fc8271",300,"BF",326,2,10581,25,"M","norsk","Nord-Norge","norsk","norsk","master","N",-0.609924066161112
"c42a8d56b014b7cbf34439e8f5fc8271",266,"LongSubjectIsl",117,3,77783,25,"M","norsk","Nord-Norge","norsk","norsk","master","N",-0.152481016540278
"c42a8d56b014b7cbf34439e8f5fc8271",308,"BF",202,3,25083,25,"M","norsk","Nord-Norge","norsk","norsk","master","N",-0.152481016540278
"c42a8d56b014b7cbf34439e8f5fc8271",48,"longWhetherNoI",24,3,8899,25,"M","norsk","Nord-Norge","norsk","norsk","master","N",-0.152481016540278
"c42a8d56b014b7cbf34439e8f5fc8271",133,"ShortAdjunctIsl",50,7,25911,25,"M","norsk","Nord-Norge","norsk","norsk","master","N",1.67729118194306
"c42a8d56b014b7cbf34439e8f5fc8271",276,"BF",302,1,3192,25,"M","norsk","Nord-Norge","norsk","norsk","master","N",-1.06736711578195
"c42a8d56b014b7cbf34439e8f5fc8271",245,"ShortSubjectIsl",108,7,11871,25,"M","norsk","Nord-Norge","norsk","norsk","master","N",1.67729118194306
"c42a8d56b014b7cbf34439e8f5fc8271",287,"BF",313,1,41394,25,"M","norsk","Nord-Norge","norsk","norsk","master","N",-1.06736711578195
"c42a8d56b014b7cbf34439e8f5fc8271",202,"LongAdjunctIsl",69,2,45064,25,"M","norsk","Nord-Norge","norsk","norsk","master","N",-0.609924066161112
"c42a8d56b014b7cbf34439e8f5fc8271",314,"BF",208,2,36017,25,"M","norsk","Nord-Norge","norsk","norsk","master","N",-0.609924066161112
"c42a8d56b014b7cbf34439e8f5fc8271",26,"longWhetherIsla",18,3,39246,25,"M","norsk","Nord-Norge","norsk","norsk","master","N",-0.152481016540278
"c42a8d56b014b7cbf34439e8f5fc8271",116,"LongFordiNoIsl",20,2,5198,25,"M","norsk","Nord-Norge","norsk","norsk","master","N",-0.609924066161112
"c42a8d56b014b7cbf34439e8f5fc8271",291,"BF",317,1,5324,25,"M","norsk","Nord-Norge","norsk","norsk","master","N",-1.06736711578195
"c42a8d56b014b7cbf34439e8f5fc8271",224,"LongSubjectNoIsl",100,2,18996,25,"M","norsk","Nord-Norge","norsk","norsk","master","N",-0.609924066161112
"c42a8d56b014b7cbf34439e8f5fc8271",279,"BF",305,2,26612,25,"M","norsk","Nord-Norge","norsk","norsk","master","N",-0.609924066161112
"c42a8d56b014b7cbf34439e8f5fc8271",61,"ShortFordiIsl",3,6,44435,25,"M","norsk","Nord-Norge","norsk","norsk","master","N",1.21984813232222
"c42a8d56b014b7cbf34439e8f5fc8271",18,"localTop",604,3,9566,25,"M","norsk","Nord-Norge","norsk","norsk","master","N",-0.152481016540278
"c42a8d56b014b7cbf34439e8f5fc8271",21,"shortWhetherIsl",17,7,10336,25,"M","norsk","Nord-Norge","norsk","norsk","master","N",1.67729118194306
"c42a8d56b014b7cbf34439e8f5fc8271",285,"BF",311,1,5366,25,"M","norsk","Nord-Norge","norsk","norsk","master","N",-1.06736711578195
"c43f3f79d09ebe1480310b7ea3dc9672",134,"LongAdjunctIsl",50,3,47291,25,"F","Polsk","-","Polsk","Polsk","vgs","Y",-0.502111884636142
"c43f3f79d09ebe1480310b7ea3dc9672",100,"LongFordiNoIsl",14,2,13547,25,"F","Polsk","-","Polsk","Polsk","vgs","Y",-0.873238060236769
"c43f3f79d09ebe1480310b7ea3dc9672",278,"BF",304,1,8001,25,"F","Polsk","-","Polsk","Polsk","vgs","Y",-1.2443642358374
"c43f3f79d09ebe1480310b7ea3dc9672",204,"LongAdjunctNoIsl",71,3,22519,25,"F","Polsk","-","Polsk","Polsk","vgs","Y",-0.502111884636142
"c43f3f79d09ebe1480310b7ea3dc9672",301,"BF",327,7,28693,25,"F","Polsk","-","Polsk","Polsk","vgs","Y",0.982392817766366
"c43f3f79d09ebe1480310b7ea3dc9672",183,"ShortAdjunctNoIsl",64,7,19153,25,"F","Polsk","-","Polsk","Polsk","vgs","Y",0.982392817766366
"c43f3f79d09ebe1480310b7ea3dc9672",275,"BF",301,1,9505,25,"F","Polsk","-","Polsk","Polsk","vgs","Y",-1.2443642358374
"c43f3f79d09ebe1480310b7ea3dc9672",193,"ShortAdjunctIsl",66,7,13708,25,"F","Polsk","-","Polsk","Polsk","vgs","Y",0.982392817766366
"c43f3f79d09ebe1480310b7ea3dc9672",89,"ShortFordiIsl",11,6,27376,25,"F","Polsk","-","Polsk","Polsk","vgs","Y",0.611266642165739
"c43f3f79d09ebe1480310b7ea3dc9672",285,"BF",311,1,24962,25,"F","Polsk","-","Polsk","Polsk","vgs","Y",-1.2443642358374
"c43f3f79d09ebe1480310b7ea3dc9672",150,"LongAdjunctIsl",55,2,22194,25,"F","Polsk","-","Polsk","Polsk","vgs","Y",-0.873238060236769
"c43f3f79d09ebe1480310b7ea3dc9672",295,"BF",321,1,234158,25,"F","Polsk","-","Polsk","Polsk","vgs","Y",-1.2443642358374
"c43f3f79d09ebe1480310b7ea3dc9672",52,"LongFordiNoIsl",1,7,11337,25,"F","Polsk","-","Polsk","Polsk","vgs","Y",0.982392817766366
"c43f3f79d09ebe1480310b7ea3dc9672",298,"BF",324,1,6921,25,"F","Polsk","-","Polsk","Polsk","vgs","Y",-1.2443642358374
"c43f3f79d09ebe1480310b7ea3dc9672",78,"LongFordiIsl",8,1,12959,25,"F","Polsk","-","Polsk","Polsk","vgs","Y",-1.2443642358374
"c43f3f79d09ebe1480310b7ea3dc9672",220,"LongSubjectNoIsl",99,7,32315,25,"F","Polsk","-","Polsk","Polsk","vgs","Y",0.982392817766366
"c43f3f79d09ebe1480310b7ea3dc9672",293,"BF",319,2,16199,25,"F","Polsk","-","Polsk","Polsk","vgs","Y",-0.873238060236769
"c43f3f79d09ebe1480310b7ea3dc9672",156,"LongAdjunctNoIsl",57,7,11446,25,"F","Polsk","-","Polsk","Polsk","vgs","Y",0.982392817766366
"c43f3f79d09ebe1480310b7ea3dc9672",310,"BF",204,3,1137645,25,"F","Polsk","-","Polsk","Polsk","vgs","Y",-0.502111884636142
"c43f3f79d09ebe1480310b7ea3dc9672",241,"ShortSubjectIsl",107,7,16418,25,"F","Polsk","-","Polsk","Polsk","vgs","Y",0.982392817766366
"c43f3f79d09ebe1480310b7ea3dc9672",280,"BF",306,7,10206,25,"F","Polsk","-","Polsk","Polsk","vgs","Y",0.982392817766366
"c43f3f79d09ebe1480310b7ea3dc9672",151,"ShortAdjunctNoIsl",56,7,10676,25,"F","Polsk","-","Polsk","Polsk","vgs","Y",0.982392817766366
"c43f3f79d09ebe1480310b7ea3dc9672",246,"LongSubjectIsl",108,1,17919,25,"F","Polsk","-","Polsk","Polsk","vgs","Y",-1.2443642358374
"c43f3f79d09ebe1480310b7ea3dc9672",289,"BF",315,1,30863,25,"F","Polsk","-","Polsk","Polsk","vgs","Y",-1.2443642358374
"c43f3f79d09ebe1480310b7ea3dc9672",247,"ShortSubjectNoIsl",109,7,9812,25,"F","Polsk","-","Polsk","Polsk","vgs","Y",0.982392817766366
"c43f3f79d09ebe1480310b7ea3dc9672",18,"localTop",604,7,9296,25,"F","Polsk","-","Polsk","Polsk","vgs","Y",0.982392817766366
"c43f3f79d09ebe1480310b7ea3dc9672",123,"ShortFordiNoIsl",22,7,26046,25,"F","Polsk","-","Polsk","Polsk","vgs","Y",0.982392817766366
"c43f3f79d09ebe1480310b7ea3dc9672",313,"BF",207,1,9692,25,"F","Polsk","-","Polsk","Polsk","vgs","Y",-1.2443642358374
"c43f3f79d09ebe1480310b7ea3dc9672",177,"ShortAdjunctIsl",62,7,9502,25,"F","Polsk","-","Polsk","Polsk","vgs","Y",0.982392817766366
"c43f3f79d09ebe1480310b7ea3dc9672",57,"ShortFordiIsl",2,7,12136,25,"F","Polsk","-","Polsk","Polsk","vgs","Y",0.982392817766366
"c43f3f79d09ebe1480310b7ea3dc9672",305,"BF",332,1,9927,25,"F","Polsk","-","Polsk","Polsk","vgs","Y",-1.2443642358374
"c43f3f79d09ebe1480310b7ea3dc9672",198,"LongAdjunctIsl",68,3,14055,25,"F","Polsk","-","Polsk","Polsk","vgs","Y",-0.502111884636142
"c43f3f79d09ebe1480310b7ea3dc9672",281,"BF",307,1,10308,25,"F","Polsk","-","Polsk","Polsk","vgs","Y",-1.2443642358374
"c43f3f79d09ebe1480310b7ea3dc9672",84,"LongFordiNoIsl",10,7,15709,25,"F","Polsk","-","Polsk","Polsk","vgs","Y",0.982392817766366
"c43f3f79d09ebe1480310b7ea3dc9672",282,"BF",308,7,8076,25,"F","Polsk","-","Polsk","Polsk","vgs","Y",0.982392817766366
"c43f3f79d09ebe1480310b7ea3dc9672",33,"shortWhetherIsl",20,6,15877,25,"F","Polsk","-","Polsk","Polsk","vgs","Y",0.611266642165739
"c43f3f79d09ebe1480310b7ea3dc9672",110,"LongFordiIsl",17,1,11232,25,"F","Polsk","-","Polsk","Polsk","vgs","Y",-1.2443642358374
"c43f3f79d09ebe1480310b7ea3dc9672",296,"BF",322,1,12501,25,"F","Polsk","-","Polsk","Polsk","vgs","Y",-1.2443642358374
"c43f3f79d09ebe1480310b7ea3dc9672",236,"LongSubjectNoIsl",106,7,11743,25,"F","Polsk","-","Polsk","Polsk","vgs","Y",0.982392817766366
"c43f3f79d09ebe1480310b7ea3dc9672",286,"BF",312,1,18175,25,"F","Polsk","-","Polsk","Polsk","vgs","Y",-1.2443642358374
"c43f3f79d09ebe1480310b7ea3dc9672",188,"LongAdjunctNoIsl",65,6,22182,25,"F","Polsk","-","Polsk","Polsk","vgs","Y",0.611266642165739
"c43f3f79d09ebe1480310b7ea3dc9672",297,"BF",323,7,7290,25,"F","Polsk","-","Polsk","Polsk","vgs","Y",0.982392817766366
"c43f3f79d09ebe1480310b7ea3dc9672",225,"ShortSubjectIsl",100,7,14237,25,"F","Polsk","-","Polsk","Polsk","vgs","Y",0.982392817766366
"c43f3f79d09ebe1480310b7ea3dc9672",135,"ShortAdjunctNoIsl",52,7,8449,25,"F","Polsk","-","Polsk","Polsk","vgs","Y",0.982392817766366
"c43f3f79d09ebe1480310b7ea3dc9672",292,"BF",318,1,9130,25,"F","Polsk","-","Polsk","Polsk","vgs","Y",-1.2443642358374
"c43f3f79d09ebe1480310b7ea3dc9672",262,"LongSubjectIsl",116,1,10333,25,"F","Polsk","-","Polsk","Polsk","vgs","Y",-1.2443642358374
"c43f3f79d09ebe1480310b7ea3dc9672",283,"BF",309,1,18286,25,"F","Polsk","-","Polsk","Polsk","vgs","Y",-1.2443642358374
"c43f3f79d09ebe1480310b7ea3dc9672",263,"ShortSubjectNoIsl",117,7,9070,25,"F","Polsk","-","Polsk","Polsk","vgs","Y",0.982392817766366
"c43f3f79d09ebe1480310b7ea3dc9672",16,"localTop",602,1,13638,25,"F","Polsk","-","Polsk","Polsk","vgs","Y",-1.2443642358374
"c43f3f79d09ebe1480310b7ea3dc9672",95,"ShortFordiNoIsl",13,7,9197,25,"F","Polsk","-","Polsk","Polsk","vgs","Y",0.982392817766366
"c43f3f79d09ebe1480310b7ea3dc9672",145,"ShortAdjunctIsl",54,7,11019,25,"F","Polsk","-","Polsk","Polsk","vgs","Y",0.982392817766366
"c43f3f79d09ebe1480310b7ea3dc9672",294,"BF",320,1,6246,25,"F","Polsk","-","Polsk","Polsk","vgs","Y",-1.2443642358374
"c43f3f79d09ebe1480310b7ea3dc9672",73,"ShortFordiIsl",7,7,7413,25,"F","Polsk","-","Polsk","Polsk","vgs","Y",0.982392817766366
"c43f3f79d09ebe1480310b7ea3dc9672",288,"BF",314,1,14060,25,"F","Polsk","-","Polsk","Polsk","vgs","Y",-1.2443642358374
"c43f3f79d09ebe1480310b7ea3dc9672",182,"LongAdjunctIsl",63,7,7702,25,"F","Polsk","-","Polsk","Polsk","vgs","Y",0.982392817766366
"c43f3f79d09ebe1480310b7ea3dc9672",300,"BF",326,4,11893,25,"F","Polsk","-","Polsk","Polsk","vgs","Y",-0.130985709035515
"c43f3f79d09ebe1480310b7ea3dc9672",128,"LongFordiNoIsl",23,5,10536,25,"F","Polsk","-","Polsk","Polsk","vgs","Y",0.240140466565112
"c43f3f79d09ebe1480310b7ea3dc9672",309,"BF",203,3,13014,25,"F","Polsk","-","Polsk","Polsk","vgs","Y",-0.502111884636142
"c43f3f79d09ebe1480310b7ea3dc9672",62,"LongFordiIsl",3,1,9008,25,"F","Polsk","-","Polsk","Polsk","vgs","Y",-1.2443642358374
"c43f3f79d09ebe1480310b7ea3dc9672",252,"LongSubjectNoIsl",110,7,8275,25,"F","Polsk","-","Polsk","Polsk","vgs","Y",0.982392817766366
"c43f3f79d09ebe1480310b7ea3dc9672",304,"BF",331,6,16445,25,"F","Polsk","-","Polsk","Polsk","vgs","Y",0.611266642165739
"c43f3f79d09ebe1480310b7ea3dc9672",172,"LongAdjunctNoIsl",61,6,15343,25,"F","Polsk","-","Polsk","Polsk","vgs","Y",0.611266642165739
"c43f3f79d09ebe1480310b7ea3dc9672",302,"BF",328,1,8787,25,"F","Polsk","-","Polsk","Polsk","vgs","Y",-1.2443642358374
"c43f3f79d09ebe1480310b7ea3dc9672",257,"ShortSubjectIsl",113,7,9478,25,"F","Polsk","-","Polsk","Polsk","vgs","Y",0.982392817766366
"c43f3f79d09ebe1480310b7ea3dc9672",277,"BF",303,1,12282,25,"F","Polsk","-","Polsk","Polsk","vgs","Y",-1.2443642358374
"c43f3f79d09ebe1480310b7ea3dc9672",199,"ShortAdjunctNoIsl",69,7,7203,25,"F","Polsk","-","Polsk","Polsk","vgs","Y",0.982392817766366
"c43f3f79d09ebe1480310b7ea3dc9672",214,"LongSubjectIsl",97,1,9437,25,"F","Polsk","-","Polsk","Polsk","vgs","Y",-1.2443642358374
"c43f3f79d09ebe1480310b7ea3dc9672",284,"BF",310,1,6249,25,"F","Polsk","-","Polsk","Polsk","vgs","Y",-1.2443642358374
"c43f3f79d09ebe1480310b7ea3dc9672",215,"ShortSubjectNoIsl",98,7,8699,25,"F","Polsk","-","Polsk","Polsk","vgs","Y",0.982392817766366
"c43f3f79d09ebe1480310b7ea3dc9672",311,"BF",205,3,18462,25,"F","Polsk","-","Polsk","Polsk","vgs","Y",-0.502111884636142
"c43f3f79d09ebe1480310b7ea3dc9672",63,"ShortFordiNoIsl",4,7,7704,25,"F","Polsk","-","Polsk","Polsk","vgs","Y",0.982392817766366
"c43f3f79d09ebe1480310b7ea3dc9672",307,"BF",201,1,13330,25,"F","Polsk","-","Polsk","Polsk","vgs","Y",-1.2443642358374
"c43f3f79d09ebe1480310b7ea3dc9672",209,"ShortAdjunctIsl",72,6,7750,25,"F","Polsk","-","Polsk","Polsk","vgs","Y",0.611266642165739
"c43f3f79d09ebe1480310b7ea3dc9672",105,"ShortFordiIsl",15,7,9419,25,"F","Polsk","-","Polsk","Polsk","vgs","Y",0.982392817766366
"c43f3f79d09ebe1480310b7ea3dc9672",15,"localTop",601,1,12989,25,"F","Polsk","-","Polsk","Polsk","vgs","Y",-1.2443642358374
"c43f3f79d09ebe1480310b7ea3dc9672",166,"LongAdjunctIsl",59,4,14818,25,"F","Polsk","-","Polsk","Polsk","vgs","Y",-0.130985709035515
"c43f3f79d09ebe1480310b7ea3dc9672",279,"BF",305,5,5126,25,"F","Polsk","-","Polsk","Polsk","vgs","Y",0.240140466565112
"c43f3f79d09ebe1480310b7ea3dc9672",68,"LongFordiNoIsl",6,7,12488,25,"F","Polsk","-","Polsk","Polsk","vgs","Y",0.982392817766366
"c43f3f79d09ebe1480310b7ea3dc9672",314,"BF",208,6,13636,25,"F","Polsk","-","Polsk","Polsk","vgs","Y",0.611266642165739
"c43f3f79d09ebe1480310b7ea3dc9672",49,"shortWhetherIsl",24,7,10953,25,"F","Polsk","-","Polsk","Polsk","vgs","Y",0.982392817766366
"c43f3f79d09ebe1480310b7ea3dc9672",94,"LongFordiIsl",12,1,8674,25,"F","Polsk","-","Polsk","Polsk","vgs","Y",-1.2443642358374
"c43f3f79d09ebe1480310b7ea3dc9672",276,"BF",302,5,10692,25,"F","Polsk","-","Polsk","Polsk","vgs","Y",0.240140466565112
"c43f3f79d09ebe1480310b7ea3dc9672",268,"LongSubjectNoIsl",118,4,21895,25,"F","Polsk","-","Polsk","Polsk","vgs","Y",-0.130985709035515
"c43f3f79d09ebe1480310b7ea3dc9672",291,"BF",317,7,7201,25,"F","Polsk","-","Polsk","Polsk","vgs","Y",0.982392817766366
"c43f3f79d09ebe1480310b7ea3dc9672",28,"longWhetherNoI",19,6,12572,25,"F","Polsk","-","Polsk","Polsk","vgs","Y",0.611266642165739
"c43f3f79d09ebe1480310b7ea3dc9672",287,"BF",313,2,26796,25,"F","Polsk","-","Polsk","Polsk","vgs","Y",-0.873238060236769
"c43f3f79d09ebe1480310b7ea3dc9672",140,"LongAdjunctNoIsl",53,7,7195,25,"F","Polsk","-","Polsk","Polsk","vgs","Y",0.982392817766366
"c43f3f79d09ebe1480310b7ea3dc9672",273,"ShortSubjectIsl",120,7,9341,25,"F","Polsk","-","Polsk","Polsk","vgs","Y",0.982392817766366
"c43f3f79d09ebe1480310b7ea3dc9672",308,"BF",202,6,16684,25,"F","Polsk","-","Polsk","Polsk","vgs","Y",0.611266642165739
"c43f3f79d09ebe1480310b7ea3dc9672",23,"shortWhetherNoI",18,7,8370,25,"F","Polsk","-","Polsk","Polsk","vgs","Y",0.982392817766366
"c43f3f79d09ebe1480310b7ea3dc9672",290,"BF",316,1,8942,25,"F","Polsk","-","Polsk","Polsk","vgs","Y",-1.2443642358374
"c43f3f79d09ebe1480310b7ea3dc9672",38,"longWhetherIsla",21,7,5530,25,"F","Polsk","-","Polsk","Polsk","vgs","Y",0.982392817766366
"c43f3f79d09ebe1480310b7ea3dc9672",312,"BF",206,1,9882,25,"F","Polsk","-","Polsk","Polsk","vgs","Y",-1.2443642358374
"c43f3f79d09ebe1480310b7ea3dc9672",167,"ShortAdjunctNoIsl",60,7,12320,25,"F","Polsk","-","Polsk","Polsk","vgs","Y",0.982392817766366
"c43f3f79d09ebe1480310b7ea3dc9672",230,"LongSubjectIsl",103,1,14787,25,"F","Polsk","-","Polsk","Polsk","vgs","Y",-1.2443642358374
"c43f3f79d09ebe1480310b7ea3dc9672",306,"BF",213,3,13050,25,"F","Polsk","-","Polsk","Polsk","vgs","Y",-0.502111884636142
"c43f3f79d09ebe1480310b7ea3dc9672",231,"ShortSubjectNoIsl",104,7,15766,25,"F","Polsk","-","Polsk","Polsk","vgs","Y",0.982392817766366
"c43f3f79d09ebe1480310b7ea3dc9672",303,"BF",329,1,9424,25,"F","Polsk","-","Polsk","Polsk","vgs","Y",-1.2443642358374
"c43f3f79d09ebe1480310b7ea3dc9672",79,"ShortFordiNoIsl",9,7,11118,25,"F","Polsk","-","Polsk","Polsk","vgs","Y",0.982392817766366
"c43f3f79d09ebe1480310b7ea3dc9672",17,"localTop",603,1,6250,25,"F","Polsk","-","Polsk","Polsk","vgs","Y",-1.2443642358374
"c43f3f79d09ebe1480310b7ea3dc9672",161,"ShortAdjunctIsl",58,7,13090,25,"F","Polsk","-","Polsk","Polsk","vgs","Y",0.982392817766366
"c43f3f79d09ebe1480310b7ea3dc9672",299,"BF",325,7,6823,25,"F","Polsk","-","Polsk","Polsk","vgs","Y",0.982392817766366
"c76665d35b07f92f7fd6c0f2344c895c",145,"ShortAdjunctIsl",54,7,18441,26,"M","norsk","Midsund/Romsdal","norsk","1:norsk%2C2:Engelsk","BA","N",1.12202341424619
"c76665d35b07f92f7fd6c0f2344c895c",284,"BF",310,1,8272,26,"M","norsk","Midsund/Romsdal","norsk","1:norsk%2C2:Engelsk","BA","N",-1.44020915858466
"c76665d35b07f92f7fd6c0f2344c895c",134,"LongAdjunctIsl",50,7,20699,26,"M","norsk","Midsund/Romsdal","norsk","1:norsk%2C2:Engelsk","BA","N",1.12202341424619
"c76665d35b07f92f7fd6c0f2344c895c",313,"BF",207,1,8332,26,"M","norsk","Midsund/Romsdal","norsk","1:norsk%2C2:Engelsk","BA","N",-1.44020915858466
"c76665d35b07f92f7fd6c0f2344c895c",167,"ShortAdjunctNoIsl",60,7,17566,26,"M","norsk","Midsund/Romsdal","norsk","1:norsk%2C2:Engelsk","BA","N",1.12202341424619
"c76665d35b07f92f7fd6c0f2344c895c",304,"BF",331,1,12676,26,"M","norsk","Midsund/Romsdal","norsk","1:norsk%2C2:Engelsk","BA","N",-1.44020915858466
"c76665d35b07f92f7fd6c0f2344c895c",204,"LongAdjunctNoIsl",71,6,17241,26,"M","norsk","Midsund/Romsdal","norsk","1:norsk%2C2:Engelsk","BA","N",0.694984652107713
"c76665d35b07f92f7fd6c0f2344c895c",105,"ShortFordiIsl",15,2,19119,26,"M","norsk","Midsund/Romsdal","norsk","1:norsk%2C2:Engelsk","BA","N",-1.01317039644618
"c76665d35b07f92f7fd6c0f2344c895c",314,"BF",208,1,16001,26,"M","norsk","Midsund/Romsdal","norsk","1:norsk%2C2:Engelsk","BA","N",-1.44020915858466
"c76665d35b07f92f7fd6c0f2344c895c",52,"LongFordiNoIsl",1,6,18295,26,"M","norsk","Midsund/Romsdal","norsk","1:norsk%2C2:Engelsk","BA","N",0.694984652107713
"c76665d35b07f92f7fd6c0f2344c895c",312,"BF",206,1,22198,26,"M","norsk","Midsund/Romsdal","norsk","1:norsk%2C2:Engelsk","BA","N",-1.44020915858466
"c76665d35b07f92f7fd6c0f2344c895c",225,"ShortSubjectIsl",100,6,19246,26,"M","norsk","Midsund/Romsdal","norsk","1:norsk%2C2:Engelsk","BA","N",0.694984652107713
"c76665d35b07f92f7fd6c0f2344c895c",310,"BF",204,1,8542,26,"M","norsk","Midsund/Romsdal","norsk","1:norsk%2C2:Engelsk","BA","N",-1.44020915858466
"c76665d35b07f92f7fd6c0f2344c895c",193,"ShortAdjunctIsl",66,7,23015,26,"M","norsk","Midsund/Romsdal","norsk","1:norsk%2C2:Engelsk","BA","N",1.12202341424619
"c76665d35b07f92f7fd6c0f2344c895c",182,"LongAdjunctIsl",63,6,183984,26,"M","norsk","Midsund/Romsdal","norsk","1:norsk%2C2:Engelsk","BA","N",0.694984652107713
"c76665d35b07f92f7fd6c0f2344c895c",300,"BF",326,2,13224,26,"M","norsk","Midsund/Romsdal","norsk","1:norsk%2C2:Engelsk","BA","N",-1.01317039644618
"c76665d35b07f92f7fd6c0f2344c895c",151,"ShortAdjunctNoIsl",56,6,43175,26,"M","norsk","Midsund/Romsdal","norsk","1:norsk%2C2:Engelsk","BA","N",0.694984652107713
"c76665d35b07f92f7fd6c0f2344c895c",285,"BF",311,3,20416,26,"M","norsk","Midsund/Romsdal","norsk","1:norsk%2C2:Engelsk","BA","N",-0.586131634307709
"c76665d35b07f92f7fd6c0f2344c895c",95,"ShortFordiNoIsl",13,7,23477,26,"M","norsk","Midsund/Romsdal","norsk","1:norsk%2C2:Engelsk","BA","N",1.12202341424619
"c76665d35b07f92f7fd6c0f2344c895c",306,"BF",213,1,16905,26,"M","norsk","Midsund/Romsdal","norsk","1:norsk%2C2:Engelsk","BA","N",-1.44020915858466
"c76665d35b07f92f7fd6c0f2344c895c",140,"LongAdjunctNoIsl",53,7,12983,26,"M","norsk","Midsund/Romsdal","norsk","1:norsk%2C2:Engelsk","BA","N",1.12202341424619
"c76665d35b07f92f7fd6c0f2344c895c",236,"LongSubjectNoIsl",106,6,41560,26,"M","norsk","Midsund/Romsdal","norsk","1:norsk%2C2:Engelsk","BA","N",0.694984652107713
"c76665d35b07f92f7fd6c0f2344c895c",293,"BF",319,1,22776,26,"M","norsk","Midsund/Romsdal","norsk","1:norsk%2C2:Engelsk","BA","N",-1.44020915858466
"c76665d35b07f92f7fd6c0f2344c895c",263,"ShortSubjectNoIsl",117,6,78244,26,"M","norsk","Midsund/Romsdal","norsk","1:norsk%2C2:Engelsk","BA","N",0.694984652107713
"c76665d35b07f92f7fd6c0f2344c895c",18,"localTop",604,7,43413,26,"M","norsk","Midsund/Romsdal","norsk","1:norsk%2C2:Engelsk","BA","N",1.12202341424619
"c76665d35b07f92f7fd6c0f2344c895c",89,"ShortFordiIsl",11,7,18248,26,"M","norsk","Midsund/Romsdal","norsk","1:norsk%2C2:Engelsk","BA","N",1.12202341424619
"c76665d35b07f92f7fd6c0f2344c895c",275,"BF",301,1,10554,26,"M","norsk","Midsund/Romsdal","norsk","1:norsk%2C2:Engelsk","BA","N",-1.44020915858466
"c76665d35b07f92f7fd6c0f2344c895c",214,"LongSubjectIsl",97,2,31607,26,"M","norsk","Midsund/Romsdal","norsk","1:norsk%2C2:Engelsk","BA","N",-1.01317039644618
"c76665d35b07f92f7fd6c0f2344c895c",122,"LongFordiIsl",21,6,21226,26,"M","norsk","Midsund/Romsdal","norsk","1:norsk%2C2:Engelsk","BA","N",0.694984652107713
"c76665d35b07f92f7fd6c0f2344c895c",308,"BF",202,4,30348,26,"M","norsk","Midsund/Romsdal","norsk","1:norsk%2C2:Engelsk","BA","N",-0.159092872169235
"c76665d35b07f92f7fd6c0f2344c895c",68,"LongFordiNoIsl",6,6,35962,26,"M","norsk","Midsund/Romsdal","norsk","1:norsk%2C2:Engelsk","BA","N",0.694984652107713
"c76665d35b07f92f7fd6c0f2344c895c",282,"BF",308,6,22023,26,"M","norsk","Midsund/Romsdal","norsk","1:norsk%2C2:Engelsk","BA","N",0.694984652107713
"c76665d35b07f92f7fd6c0f2344c895c",241,"ShortSubjectIsl",107,7,22010,26,"M","norsk","Midsund/Romsdal","norsk","1:norsk%2C2:Engelsk","BA","N",1.12202341424619
"c76665d35b07f92f7fd6c0f2344c895c",303,"BF",329,1,17804,26,"M","norsk","Midsund/Romsdal","norsk","1:norsk%2C2:Engelsk","BA","N",-1.44020915858466
"c76665d35b07f92f7fd6c0f2344c895c",161,"ShortAdjunctIsl",58,6,20158,26,"M","norsk","Midsund/Romsdal","norsk","1:norsk%2C2:Engelsk","BA","N",0.694984652107713
"c76665d35b07f92f7fd6c0f2344c895c",166,"LongAdjunctIsl",59,6,32253,26,"M","norsk","Midsund/Romsdal","norsk","1:norsk%2C2:Engelsk","BA","N",0.694984652107713
"c76665d35b07f92f7fd6c0f2344c895c",286,"BF",312,5,50895,26,"M","norsk","Midsund/Romsdal","norsk","1:norsk%2C2:Engelsk","BA","N",0.267945889969239
"c76665d35b07f92f7fd6c0f2344c895c",199,"ShortAdjunctNoIsl",69,7,143626,26,"M","norsk","Midsund/Romsdal","norsk","1:norsk%2C2:Engelsk","BA","N",1.12202341424619
"c76665d35b07f92f7fd6c0f2344c895c",302,"BF",328,5,52273,26,"M","norsk","Midsund/Romsdal","norsk","1:norsk%2C2:Engelsk","BA","N",0.267945889969239
"c76665d35b07f92f7fd6c0f2344c895c",172,"LongAdjunctNoIsl",61,6,28286,26,"M","norsk","Midsund/Romsdal","norsk","1:norsk%2C2:Engelsk","BA","N",0.694984652107713
"c76665d35b07f92f7fd6c0f2344c895c",281,"BF",307,1,9855,26,"M","norsk","Midsund/Romsdal","norsk","1:norsk%2C2:Engelsk","BA","N",-1.44020915858466
"c76665d35b07f92f7fd6c0f2344c895c",252,"LongSubjectNoIsl",110,7,79584,26,"M","norsk","Midsund/Romsdal","norsk","1:norsk%2C2:Engelsk","BA","N",1.12202341424619
"c76665d35b07f92f7fd6c0f2344c895c",39,"shortWhetherNoI",22,7,21106,26,"M","norsk","Midsund/Romsdal","norsk","1:norsk%2C2:Engelsk","BA","N",1.12202341424619
"c76665d35b07f92f7fd6c0f2344c895c",283,"BF",309,2,32724,26,"M","norsk","Midsund/Romsdal","norsk","1:norsk%2C2:Engelsk","BA","N",-1.01317039644618
"c76665d35b07f92f7fd6c0f2344c895c",247,"ShortSubjectNoIsl",109,7,63311,26,"M","norsk","Midsund/Romsdal","norsk","1:norsk%2C2:Engelsk","BA","N",1.12202341424619
"c76665d35b07f92f7fd6c0f2344c895c",276,"BF",302,1,72216,26,"M","norsk","Midsund/Romsdal","norsk","1:norsk%2C2:Engelsk","BA","N",-1.44020915858466
"c76665d35b07f92f7fd6c0f2344c895c",57,"ShortFordiIsl",2,7,48287,26,"M","norsk","Midsund/Romsdal","norsk","1:norsk%2C2:Engelsk","BA","N",1.12202341424619
"c76665d35b07f92f7fd6c0f2344c895c",16,"localTop",602,7,50053,26,"M","norsk","Midsund/Romsdal","norsk","1:norsk%2C2:Engelsk","BA","N",1.12202341424619
"c76665d35b07f92f7fd6c0f2344c895c",246,"LongSubjectIsl",108,2,58785,26,"M","norsk","Midsund/Romsdal","norsk","1:norsk%2C2:Engelsk","BA","N",-1.01317039644618
"c76665d35b07f92f7fd6c0f2344c895c",78,"LongFordiIsl",8,4,43058,26,"M","norsk","Midsund/Romsdal","norsk","1:norsk%2C2:Engelsk","BA","N",-0.159092872169235
"c76665d35b07f92f7fd6c0f2344c895c",307,"BF",201,6,37631,26,"M","norsk","Midsund/Romsdal","norsk","1:norsk%2C2:Engelsk","BA","N",0.694984652107713
"c76665d35b07f92f7fd6c0f2344c895c",100,"LongFordiNoIsl",14,5,110341,26,"M","norsk","Midsund/Romsdal","norsk","1:norsk%2C2:Engelsk","BA","N",0.267945889969239
"c76665d35b07f92f7fd6c0f2344c895c",280,"BF",306,5,66454,26,"M","norsk","Midsund/Romsdal","norsk","1:norsk%2C2:Engelsk","BA","N",0.267945889969239
"c76665d35b07f92f7fd6c0f2344c895c",257,"ShortSubjectIsl",113,3,64013,26,"M","norsk","Midsund/Romsdal","norsk","1:norsk%2C2:Engelsk","BA","N",-0.586131634307709
"c76665d35b07f92f7fd6c0f2344c895c",296,"BF",322,1,22250,26,"M","norsk","Midsund/Romsdal","norsk","1:norsk%2C2:Engelsk","BA","N",-1.44020915858466
"c76665d35b07f92f7fd6c0f2344c895c",209,"ShortAdjunctIsl",72,7,20461,26,"M","norsk","Midsund/Romsdal","norsk","1:norsk%2C2:Engelsk","BA","N",1.12202341424619
"c76665d35b07f92f7fd6c0f2344c895c",288,"BF",314,1,12687,26,"M","norsk","Midsund/Romsdal","norsk","1:norsk%2C2:Engelsk","BA","N",-1.44020915858466
"c76665d35b07f92f7fd6c0f2344c895c",198,"LongAdjunctIsl",68,5,74483,26,"M","norsk","Midsund/Romsdal","norsk","1:norsk%2C2:Engelsk","BA","N",0.267945889969239
"c76665d35b07f92f7fd6c0f2344c895c",135,"ShortAdjunctNoIsl",52,7,21752,26,"M","norsk","Midsund/Romsdal","norsk","1:norsk%2C2:Engelsk","BA","N",1.12202341424619
"c76665d35b07f92f7fd6c0f2344c895c",298,"BF",324,2,10960,26,"M","norsk","Midsund/Romsdal","norsk","1:norsk%2C2:Engelsk","BA","N",-1.01317039644618
"c76665d35b07f92f7fd6c0f2344c895c",79,"ShortFordiNoIsl",9,6,85606,26,"M","norsk","Midsund/Romsdal","norsk","1:norsk%2C2:Engelsk","BA","N",0.694984652107713
"c76665d35b07f92f7fd6c0f2344c895c",290,"BF",316,1,17282,26,"M","norsk","Midsund/Romsdal","norsk","1:norsk%2C2:Engelsk","BA","N",-1.44020915858466
"c76665d35b07f92f7fd6c0f2344c895c",188,"LongAdjunctNoIsl",65,5,108701,26,"M","norsk","Midsund/Romsdal","norsk","1:norsk%2C2:Engelsk","BA","N",0.267945889969239
"c76665d35b07f92f7fd6c0f2344c895c",295,"BF",321,2,44524,26,"M","norsk","Midsund/Romsdal","norsk","1:norsk%2C2:Engelsk","BA","N",-1.01317039644618
"c76665d35b07f92f7fd6c0f2344c895c",268,"LongSubjectNoIsl",118,6,38818,26,"M","norsk","Midsund/Romsdal","norsk","1:norsk%2C2:Engelsk","BA","N",0.694984652107713
"c76665d35b07f92f7fd6c0f2344c895c",215,"ShortSubjectNoIsl",98,6,79467,26,"M","norsk","Midsund/Romsdal","norsk","1:norsk%2C2:Engelsk","BA","N",0.694984652107713
"c76665d35b07f92f7fd6c0f2344c895c",301,"BF",327,7,14524,26,"M","norsk","Midsund/Romsdal","norsk","1:norsk%2C2:Engelsk","BA","N",1.12202341424619
"c76665d35b07f92f7fd6c0f2344c895c",73,"ShortFordiIsl",7,7,15016,26,"M","norsk","Midsund/Romsdal","norsk","1:norsk%2C2:Engelsk","BA","N",1.12202341424619
"c76665d35b07f92f7fd6c0f2344c895c",305,"BF",332,1,28987,26,"M","norsk","Midsund/Romsdal","norsk","1:norsk%2C2:Engelsk","BA","N",-1.44020915858466
"c76665d35b07f92f7fd6c0f2344c895c",230,"LongSubjectIsl",103,4,84780,26,"M","norsk","Midsund/Romsdal","norsk","1:norsk%2C2:Engelsk","BA","N",-0.159092872169235
"c76665d35b07f92f7fd6c0f2344c895c",292,"BF",318,2,28030,26,"M","norsk","Midsund/Romsdal","norsk","1:norsk%2C2:Engelsk","BA","N",-1.01317039644618
"c76665d35b07f92f7fd6c0f2344c895c",62,"LongFordiIsl",3,2,11512,26,"M","norsk","Midsund/Romsdal","norsk","1:norsk%2C2:Engelsk","BA","N",-1.01317039644618
"c76665d35b07f92f7fd6c0f2344c895c",84,"LongFordiNoIsl",10,5,29684,26,"M","norsk","Midsund/Romsdal","norsk","1:norsk%2C2:Engelsk","BA","N",0.267945889969239
"c76665d35b07f92f7fd6c0f2344c895c",17,"localTop",603,2,18044,26,"M","norsk","Midsund/Romsdal","norsk","1:norsk%2C2:Engelsk","BA","N",-1.01317039644618
"c76665d35b07f92f7fd6c0f2344c895c",22,"longWhetherIsla",17,6,252060,26,"M","norsk","Midsund/Romsdal","norsk","1:norsk%2C2:Engelsk","BA","N",0.694984652107713
"c76665d35b07f92f7fd6c0f2344c895c",299,"BF",325,2,15099,26,"M","norsk","Midsund/Romsdal","norsk","1:norsk%2C2:Engelsk","BA","N",-1.01317039644618
"c76665d35b07f92f7fd6c0f2344c895c",273,"ShortSubjectIsl",120,7,12587,26,"M","norsk","Midsund/Romsdal","norsk","1:norsk%2C2:Engelsk","BA","N",1.12202341424619
"c76665d35b07f92f7fd6c0f2344c895c",287,"BF",313,1,9647,26,"M","norsk","Midsund/Romsdal","norsk","1:norsk%2C2:Engelsk","BA","N",-1.44020915858466
"c76665d35b07f92f7fd6c0f2344c895c",177,"ShortAdjunctIsl",62,7,52251,26,"M","norsk","Midsund/Romsdal","norsk","1:norsk%2C2:Engelsk","BA","N",1.12202341424619
"c76665d35b07f92f7fd6c0f2344c895c",150,"LongAdjunctIsl",55,5,19757,26,"M","norsk","Midsund/Romsdal","norsk","1:norsk%2C2:Engelsk","BA","N",0.267945889969239
"c76665d35b07f92f7fd6c0f2344c895c",279,"BF",305,1,69347,26,"M","norsk","Midsund/Romsdal","norsk","1:norsk%2C2:Engelsk","BA","N",-1.44020915858466
"c76665d35b07f92f7fd6c0f2344c895c",183,"ShortAdjunctNoIsl",64,7,22701,26,"M","norsk","Midsund/Romsdal","norsk","1:norsk%2C2:Engelsk","BA","N",1.12202341424619
"c76665d35b07f92f7fd6c0f2344c895c",311,"BF",205,2,31051,26,"M","norsk","Midsund/Romsdal","norsk","1:norsk%2C2:Engelsk","BA","N",-1.01317039644618
"c76665d35b07f92f7fd6c0f2344c895c",63,"ShortFordiNoIsl",4,7,15466,26,"M","norsk","Midsund/Romsdal","norsk","1:norsk%2C2:Engelsk","BA","N",1.12202341424619
"c76665d35b07f92f7fd6c0f2344c895c",294,"BF",320,1,13018,26,"M","norsk","Midsund/Romsdal","norsk","1:norsk%2C2:Engelsk","BA","N",-1.44020915858466
"c76665d35b07f92f7fd6c0f2344c895c",156,"LongAdjunctNoIsl",57,6,60367,26,"M","norsk","Midsund/Romsdal","norsk","1:norsk%2C2:Engelsk","BA","N",0.694984652107713
"c76665d35b07f92f7fd6c0f2344c895c",220,"LongSubjectNoIsl",99,6,107888,26,"M","norsk","Midsund/Romsdal","norsk","1:norsk%2C2:Engelsk","BA","N",0.694984652107713
"c76665d35b07f92f7fd6c0f2344c895c",278,"BF",304,2,149951,26,"M","norsk","Midsund/Romsdal","norsk","1:norsk%2C2:Engelsk","BA","N",-1.01317039644618
"c76665d35b07f92f7fd6c0f2344c895c",23,"shortWhetherNoI",18,6,45316,26,"M","norsk","Midsund/Romsdal","norsk","1:norsk%2C2:Engelsk","BA","N",0.694984652107713
"c76665d35b07f92f7fd6c0f2344c895c",291,"BF",317,2,77095,26,"M","norsk","Midsund/Romsdal","norsk","1:norsk%2C2:Engelsk","BA","N",-1.01317039644618
"c76665d35b07f92f7fd6c0f2344c895c",49,"shortWhetherIsl",24,7,51793,26,"M","norsk","Midsund/Romsdal","norsk","1:norsk%2C2:Engelsk","BA","N",1.12202341424619
"c76665d35b07f92f7fd6c0f2344c895c",277,"BF",303,2,37535,26,"M","norsk","Midsund/Romsdal","norsk","1:norsk%2C2:Engelsk","BA","N",-1.01317039644618
"c76665d35b07f92f7fd6c0f2344c895c",231,"ShortSubjectNoIsl",104,6,49792,26,"M","norsk","Midsund/Romsdal","norsk","1:norsk%2C2:Engelsk","BA","N",0.694984652107713
"c76665d35b07f92f7fd6c0f2344c895c",117,"ShortFordiIsl",20,6,136755,26,"M","norsk","Midsund/Romsdal","norsk","1:norsk%2C2:Engelsk","BA","N",0.694984652107713
"c76665d35b07f92f7fd6c0f2344c895c",297,"BF",323,4,90005,26,"M","norsk","Midsund/Romsdal","norsk","1:norsk%2C2:Engelsk","BA","N",-0.159092872169235
"c76665d35b07f92f7fd6c0f2344c895c",262,"LongSubjectIsl",116,2,38969,26,"M","norsk","Midsund/Romsdal","norsk","1:norsk%2C2:Engelsk","BA","N",-1.01317039644618
"c76665d35b07f92f7fd6c0f2344c895c",309,"BF",203,2,37561,26,"M","norsk","Midsund/Romsdal","norsk","1:norsk%2C2:Engelsk","BA","N",-1.01317039644618
"c76665d35b07f92f7fd6c0f2344c895c",44,"longWhetherNoI",23,6,20725,26,"M","norsk","Midsund/Romsdal","norsk","1:norsk%2C2:Engelsk","BA","N",0.694984652107713
"c76665d35b07f92f7fd6c0f2344c895c",15,"localTop",601,6,15211,26,"M","norsk","Midsund/Romsdal","norsk","1:norsk%2C2:Engelsk","BA","N",0.694984652107713
"c76665d35b07f92f7fd6c0f2344c895c",94,"LongFordiIsl",12,5,23282,26,"M","norsk","Midsund/Romsdal","norsk","1:norsk%2C2:Engelsk","BA","N",0.267945889969239
"c76665d35b07f92f7fd6c0f2344c895c",289,"BF",315,3,21258,26,"M","norsk","Midsund/Romsdal","norsk","1:norsk%2C2:Engelsk","BA","N",-0.586131634307709
"c76665d35b07f92f7fd6c0f2344c895c",112,"LongFordiNoIsl",19,5,33490,26,"M","norsk","Midsund/Romsdal","norsk","1:norsk%2C2:Engelsk","BA","N",0.267945889969239
"ccb85dbc642c6d57df5a334fdb7b7cc4",143,"ShortAdjunctNoIsl",54,2,14042,21,"F","norsk","Østlandet","norsk","norsk","vgs","N",-0.587143975712483
"ccb85dbc642c6d57df5a334fdb7b7cc4",102,"LongFordiIsl",14,1,8335,21,"F","norsk","Østlandet","norsk","norsk","vgs","N",-1.05502433135837
"ccb85dbc642c6d57df5a334fdb7b7cc4",305,"BF",332,1,6994,21,"F","norsk","Østlandet","norsk","norsk","vgs","N",-1.05502433135837
"ccb85dbc642c6d57df5a334fdb7b7cc4",158,"LongAdjunctIsl",57,1,7610,21,"F","norsk","Østlandet","norsk","norsk","vgs","N",-1.05502433135837
"ccb85dbc642c6d57df5a334fdb7b7cc4",279,"BF",305,4,9703,21,"F","norsk","Østlandet","norsk","norsk","vgs","N",0.348616735579287
"ccb85dbc642c6d57df5a334fdb7b7cc4",180,"LongAdjunctNoIsl",63,6,29198,21,"F","norsk","Østlandet","norsk","norsk","vgs","N",1.28437744687106
"ccb85dbc642c6d57df5a334fdb7b7cc4",275,"BF",301,1,5005,21,"F","norsk","Østlandet","norsk","norsk","vgs","N",-1.05502433135837
"ccb85dbc642c6d57df5a334fdb7b7cc4",201,"ShortAdjunctIsl",69,3,21496,21,"F","norsk","Østlandet","norsk","norsk","vgs","N",-0.119263620066598
"ccb85dbc642c6d57df5a334fdb7b7cc4",217,"ShortSubjectIsl",98,4,15464,21,"F","norsk","Østlandet","norsk","norsk","vgs","N",0.348616735579287
"ccb85dbc642c6d57df5a334fdb7b7cc4",301,"BF",327,2,12156,21,"F","norsk","Østlandet","norsk","norsk","vgs","N",-0.587143975712483
"ccb85dbc642c6d57df5a334fdb7b7cc4",87,"ShortFordiNoIsl",11,7,27672,21,"F","norsk","Østlandet","norsk","norsk","vgs","N",1.75225780251694
"ccb85dbc642c6d57df5a334fdb7b7cc4",282,"BF",308,1,15050,21,"F","norsk","Østlandet","norsk","norsk","vgs","N",-1.05502433135837
"ccb85dbc642c6d57df5a334fdb7b7cc4",255,"ShortSubjectNoIsl",113,7,17246,21,"F","norsk","Østlandet","norsk","norsk","vgs","N",1.75225780251694
"ccb85dbc642c6d57df5a334fdb7b7cc4",287,"BF",313,1,7721,21,"F","norsk","Østlandet","norsk","norsk","vgs","N",-1.05502433135837
"ccb85dbc642c6d57df5a334fdb7b7cc4",207,"ShortAdjunctNoIsl",72,4,17238,21,"F","norsk","Østlandet","norsk","norsk","vgs","N",0.348616735579287
"ccb85dbc642c6d57df5a334fdb7b7cc4",70,"LongFordiIsl",6,1,13007,21,"F","norsk","Østlandet","norsk","norsk","vgs","N",-1.05502433135837
"ccb85dbc642c6d57df5a334fdb7b7cc4",285,"BF",311,4,16152,21,"F","norsk","Østlandet","norsk","norsk","vgs","N",0.348616735579287
"ccb85dbc642c6d57df5a334fdb7b7cc4",238,"LongSubjectIsl",106,1,15015,21,"F","norsk","Østlandet","norsk","norsk","vgs","N",-1.05502433135837
"ccb85dbc642c6d57df5a334fdb7b7cc4",307,"BF",201,1,8863,21,"F","norsk","Østlandet","norsk","norsk","vgs","N",-1.05502433135837
"ccb85dbc642c6d57df5a334fdb7b7cc4",174,"LongAdjunctIsl",61,1,18376,21,"F","norsk","Østlandet","norsk","norsk","vgs","N",-1.05502433135837
"ccb85dbc642c6d57df5a334fdb7b7cc4",310,"BF",204,1,8226,21,"F","norsk","Østlandet","norsk","norsk","vgs","N",-1.05502433135837
"ccb85dbc642c6d57df5a334fdb7b7cc4",132,"LongAdjunctNoIsl",50,5,18645,21,"F","norsk","Østlandet","norsk","norsk","vgs","N",0.816497091225172
"ccb85dbc642c6d57df5a334fdb7b7cc4",169,"ShortAdjunctIsl",60,7,1905219,21,"F","norsk","Østlandet","norsk","norsk","vgs","N",1.75225780251694
"ccb85dbc642c6d57df5a334fdb7b7cc4",297,"BF",323,3,6699,21,"F","norsk","Østlandet","norsk","norsk","vgs","N",-0.119263620066598
"ccb85dbc642c6d57df5a334fdb7b7cc4",60,"LongFordiNoIsl",3,2,7512,21,"F","norsk","Østlandet","norsk","norsk","vgs","N",-0.587143975712483
"ccb85dbc642c6d57df5a334fdb7b7cc4",17,"localTop",603,1,5680,21,"F","norsk","Østlandet","norsk","norsk","vgs","N",-1.05502433135837
"ccb85dbc642c6d57df5a334fdb7b7cc4",81,"ShortFordiIsl",9,4,26103,21,"F","norsk","Østlandet","norsk","norsk","vgs","N",0.348616735579287
"ccb85dbc642c6d57df5a334fdb7b7cc4",280,"BF",306,4,18434,21,"F","norsk","Østlandet","norsk","norsk","vgs","N",0.348616735579287
"ccb85dbc642c6d57df5a334fdb7b7cc4",228,"LongSubjectNoIsl",103,2,12871,21,"F","norsk","Østlandet","norsk","norsk","vgs","N",-0.587143975712483
"ccb85dbc642c6d57df5a334fdb7b7cc4",233,"ShortSubjectIsl",104,4,8486,21,"F","norsk","Østlandet","norsk","norsk","vgs","N",0.348616735579287
"ccb85dbc642c6d57df5a334fdb7b7cc4",289,"BF",315,1,7145,21,"F","norsk","Østlandet","norsk","norsk","vgs","N",-1.05502433135837
"ccb85dbc642c6d57df5a334fdb7b7cc4",71,"ShortFordiNoIsl",7,7,15402,21,"F","norsk","Østlandet","norsk","norsk","vgs","N",1.75225780251694
"ccb85dbc642c6d57df5a334fdb7b7cc4",300,"BF",326,2,10704,21,"F","norsk","Østlandet","norsk","norsk","vgs","N",-0.587143975712483
"ccb85dbc642c6d57df5a334fdb7b7cc4",271,"ShortSubjectNoIsl",120,4,7694,21,"F","norsk","Østlandet","norsk","norsk","vgs","N",0.348616735579287
"ccb85dbc642c6d57df5a334fdb7b7cc4",276,"BF",302,1,8895,21,"F","norsk","Østlandet","norsk","norsk","vgs","N",-1.05502433135837
"ccb85dbc642c6d57df5a334fdb7b7cc4",191,"ShortAdjunctNoIsl",66,7,15555,21,"F","norsk","Østlandet","norsk","norsk","vgs","N",1.75225780251694
"ccb85dbc642c6d57df5a334fdb7b7cc4",114,"LongFordiIsl",19,3,8447,21,"F","norsk","Østlandet","norsk","norsk","vgs","N",-0.119263620066598
"ccb85dbc642c6d57df5a334fdb7b7cc4",298,"BF",324,1,4675,21,"F","norsk","Østlandet","norsk","norsk","vgs","N",-1.05502433135837
"ccb85dbc642c6d57df5a334fdb7b7cc4",254,"LongSubjectIsl",110,2,11961,21,"F","norsk","Østlandet","norsk","norsk","vgs","N",-0.587143975712483
"ccb85dbc642c6d57df5a334fdb7b7cc4",281,"BF",307,1,6680,21,"F","norsk","Østlandet","norsk","norsk","vgs","N",-1.05502433135837
"ccb85dbc642c6d57df5a334fdb7b7cc4",41,"shortWhetherIsl",22,5,9394,21,"F","norsk","Østlandet","norsk","norsk","vgs","N",0.816497091225172
"ccb85dbc642c6d57df5a334fdb7b7cc4",308,"BF",202,3,15850,21,"F","norsk","Østlandet","norsk","norsk","vgs","N",-0.119263620066598
"ccb85dbc642c6d57df5a334fdb7b7cc4",190,"LongAdjunctIsl",65,1,16764,21,"F","norsk","Østlandet","norsk","norsk","vgs","N",-1.05502433135837
"ccb85dbc642c6d57df5a334fdb7b7cc4",196,"LongAdjunctNoIsl",68,4,7707,21,"F","norsk","Østlandet","norsk","norsk","vgs","N",0.348616735579287
"ccb85dbc642c6d57df5a334fdb7b7cc4",291,"BF",317,1,6955,21,"F","norsk","Østlandet","norsk","norsk","vgs","N",-1.05502433135837
"ccb85dbc642c6d57df5a334fdb7b7cc4",153,"ShortAdjunctIsl",56,5,12060,21,"F","norsk","Østlandet","norsk","norsk","vgs","N",0.816497091225172
"ccb85dbc642c6d57df5a334fdb7b7cc4",296,"BF",322,1,7386,21,"F","norsk","Østlandet","norsk","norsk","vgs","N",-1.05502433135837
"ccb85dbc642c6d57df5a334fdb7b7cc4",92,"LongFordiNoIsl",12,6,18129,21,"F","norsk","Østlandet","norsk","norsk","vgs","N",1.28437744687106
"ccb85dbc642c6d57df5a334fdb7b7cc4",15,"localTop",601,6,14356,21,"F","norsk","Østlandet","norsk","norsk","vgs","N",1.28437744687106
"ccb85dbc642c6d57df5a334fdb7b7cc4",47,"shortWhetherNoI",24,7,8108,21,"F","norsk","Østlandet","norsk","norsk","vgs","N",1.75225780251694
"ccb85dbc642c6d57df5a334fdb7b7cc4",244,"LongSubjectNoIsl",108,7,11181,21,"F","norsk","Østlandet","norsk","norsk","vgs","N",1.75225780251694
"ccb85dbc642c6d57df5a334fdb7b7cc4",283,"BF",309,1,6226,21,"F","norsk","Østlandet","norsk","norsk","vgs","N",-1.05502433135837
"ccb85dbc642c6d57df5a334fdb7b7cc4",249,"ShortSubjectIsl",109,6,13961,21,"F","norsk","Østlandet","norsk","norsk","vgs","N",1.28437744687106
"ccb85dbc642c6d57df5a334fdb7b7cc4",288,"BF",314,1,9022,21,"F","norsk","Østlandet","norsk","norsk","vgs","N",-1.05502433135837
"ccb85dbc642c6d57df5a334fdb7b7cc4",103,"ShortFordiNoIsl",15,6,11212,21,"F","norsk","Østlandet","norsk","norsk","vgs","N",1.28437744687106
"ccb85dbc642c6d57df5a334fdb7b7cc4",304,"BF",331,2,8467,21,"F","norsk","Østlandet","norsk","norsk","vgs","N",-0.587143975712483
"ccb85dbc642c6d57df5a334fdb7b7cc4",223,"ShortSubjectNoIsl",100,4,12096,21,"F","norsk","Østlandet","norsk","norsk","vgs","N",0.348616735579287
"ccb85dbc642c6d57df5a334fdb7b7cc4",284,"BF",310,2,8144,21,"F","norsk","Østlandet","norsk","norsk","vgs","N",-0.587143975712483
"ccb85dbc642c6d57df5a334fdb7b7cc4",159,"ShortAdjunctNoIsl",58,4,11833,21,"F","norsk","Østlandet","norsk","norsk","vgs","N",0.348616735579287
"ccb85dbc642c6d57df5a334fdb7b7cc4",54,"LongFordiIsl",1,2,8497,21,"F","norsk","Østlandet","norsk","norsk","vgs","N",-0.587143975712483
"ccb85dbc642c6d57df5a334fdb7b7cc4",302,"BF",328,2,9963,21,"F","norsk","Østlandet","norsk","norsk","vgs","N",-0.587143975712483
"ccb85dbc642c6d57df5a334fdb7b7cc4",222,"LongSubjectIsl",99,1,9280,21,"F","norsk","Østlandet","norsk","norsk","vgs","N",-1.05502433135837
"ccb85dbc642c6d57df5a334fdb7b7cc4",311,"BF",205,7,16098,21,"F","norsk","Østlandet","norsk","norsk","vgs","N",1.75225780251694
"ccb85dbc642c6d57df5a334fdb7b7cc4",142,"LongAdjunctIsl",53,4,7726,21,"F","norsk","Østlandet","norsk","norsk","vgs","N",0.348616735579287
"ccb85dbc642c6d57df5a334fdb7b7cc4",278,"BF",304,2,5619,21,"F","norsk","Østlandet","norsk","norsk","vgs","N",-0.587143975712483
"ccb85dbc642c6d57df5a334fdb7b7cc4",164,"LongAdjunctNoIsl",59,7,8711,21,"F","norsk","Østlandet","norsk","norsk","vgs","N",1.75225780251694
"ccb85dbc642c6d57df5a334fdb7b7cc4",185,"ShortAdjunctIsl",64,7,13131,21,"F","norsk","Østlandet","norsk","norsk","vgs","N",1.75225780251694
"ccb85dbc642c6d57df5a334fdb7b7cc4",277,"BF",303,2,6043,21,"F","norsk","Østlandet","norsk","norsk","vgs","N",-0.587143975712483
"ccb85dbc642c6d57df5a334fdb7b7cc4",108,"LongFordiNoIsl",17,3,8582,21,"F","norsk","Østlandet","norsk","norsk","vgs","N",-0.119263620066598
"ccb85dbc642c6d57df5a334fdb7b7cc4",295,"BF",321,2,9023,21,"F","norsk","Østlandet","norsk","norsk","vgs","N",-0.587143975712483
"ccb85dbc642c6d57df5a334fdb7b7cc4",65,"ShortFordiIsl",4,4,9448,21,"F","norsk","Østlandet","norsk","norsk","vgs","N",0.348616735579287
"ccb85dbc642c6d57df5a334fdb7b7cc4",303,"BF",329,1,6688,21,"F","norsk","Østlandet","norsk","norsk","vgs","N",-1.05502433135837
"ccb85dbc642c6d57df5a334fdb7b7cc4",260,"LongSubjectNoIsl",116,6,9450,21,"F","norsk","Østlandet","norsk","norsk","vgs","N",1.28437744687106
"ccb85dbc642c6d57df5a334fdb7b7cc4",265,"ShortSubjectIsl",117,5,10097,21,"F","norsk","Østlandet","norsk","norsk","vgs","N",0.816497091225172
"ccb85dbc642c6d57df5a334fdb7b7cc4",16,"localTop",602,1,8292,21,"F","norsk","Østlandet","norsk","norsk","vgs","N",-1.05502433135837
"ccb85dbc642c6d57df5a334fdb7b7cc4",55,"ShortFordiNoIsl",2,7,6271,21,"F","norsk","Østlandet","norsk","norsk","vgs","N",1.75225780251694
"ccb85dbc642c6d57df5a334fdb7b7cc4",313,"BF",207,2,7476,21,"F","norsk","Østlandet","norsk","norsk","vgs","N",-0.587143975712483
"ccb85dbc642c6d57df5a334fdb7b7cc4",239,"ShortSubjectNoIsl",107,4,10459,21,"F","norsk","Østlandet","norsk","norsk","vgs","N",0.348616735579287
"ccb85dbc642c6d57df5a334fdb7b7cc4",314,"BF",208,1,6082,21,"F","norsk","Østlandet","norsk","norsk","vgs","N",-1.05502433135837
"ccb85dbc642c6d57df5a334fdb7b7cc4",175,"ShortAdjunctNoIsl",62,6,12368,21,"F","norsk","Østlandet","norsk","norsk","vgs","N",1.28437744687106
"ccb85dbc642c6d57df5a334fdb7b7cc4",86,"LongFordiIsl",10,3,11944,21,"F","norsk","Østlandet","norsk","norsk","vgs","N",-0.119263620066598
"ccb85dbc642c6d57df5a334fdb7b7cc4",312,"BF",206,3,11120,21,"F","norsk","Østlandet","norsk","norsk","vgs","N",-0.119263620066598
"ccb85dbc642c6d57df5a334fdb7b7cc4",270,"LongSubjectIsl",118,1,14638,21,"F","norsk","Østlandet","norsk","norsk","vgs","N",-1.05502433135837
"ccb85dbc642c6d57df5a334fdb7b7cc4",293,"BF",319,2,6243,21,"F","norsk","Østlandet","norsk","norsk","vgs","N",-0.587143975712483
"ccb85dbc642c6d57df5a334fdb7b7cc4",25,"shortWhetherIsl",18,6,8432,21,"F","norsk","Østlandet","norsk","norsk","vgs","N",1.28437744687106
"ccb85dbc642c6d57df5a334fdb7b7cc4",290,"BF",316,1,6110,21,"F","norsk","Østlandet","norsk","norsk","vgs","N",-1.05502433135837
"ccb85dbc642c6d57df5a334fdb7b7cc4",36,"longWhetherNoI",21,6,8193,21,"F","norsk","Østlandet","norsk","norsk","vgs","N",1.28437744687106
"ccb85dbc642c6d57df5a334fdb7b7cc4",46,"longWhetherIsla",23,2,7977,21,"F","norsk","Østlandet","norsk","norsk","vgs","N",-0.587143975712483
"ccb85dbc642c6d57df5a334fdb7b7cc4",309,"BF",203,2,5949,21,"F","norsk","Østlandet","norsk","norsk","vgs","N",-0.587143975712483
"ccb85dbc642c6d57df5a334fdb7b7cc4",206,"LongAdjunctIsl",71,6,9579,21,"F","norsk","Østlandet","norsk","norsk","vgs","N",1.28437744687106
"ccb85dbc642c6d57df5a334fdb7b7cc4",294,"BF",320,2,5754,21,"F","norsk","Østlandet","norsk","norsk","vgs","N",-0.587143975712483
"ccb85dbc642c6d57df5a334fdb7b7cc4",148,"LongAdjunctNoIsl",55,3,15591,21,"F","norsk","Østlandet","norsk","norsk","vgs","N",-0.119263620066598
"ccb85dbc642c6d57df5a334fdb7b7cc4",306,"BF",213,1,5566,21,"F","norsk","Østlandet","norsk","norsk","vgs","N",-1.05502433135837
"ccb85dbc642c6d57df5a334fdb7b7cc4",137,"ShortAdjunctIsl",52,7,17015,21,"F","norsk","Østlandet","norsk","norsk","vgs","N",1.75225780251694
"ccb85dbc642c6d57df5a334fdb7b7cc4",76,"LongFordiNoIsl",8,1,7541,21,"F","norsk","Østlandet","norsk","norsk","vgs","N",-1.05502433135837
"ccb85dbc642c6d57df5a334fdb7b7cc4",299,"BF",325,1,5098,21,"F","norsk","Østlandet","norsk","norsk","vgs","N",-1.05502433135837
"ccb85dbc642c6d57df5a334fdb7b7cc4",97,"ShortFordiIsl",13,4,19369,21,"F","norsk","Østlandet","norsk","norsk","vgs","N",0.348616735579287
"ccb85dbc642c6d57df5a334fdb7b7cc4",292,"BF",318,1,6145,21,"F","norsk","Østlandet","norsk","norsk","vgs","N",-1.05502433135837
"ccb85dbc642c6d57df5a334fdb7b7cc4",31,"shortWhetherNoI",20,3,7115,21,"F","norsk","Østlandet","norsk","norsk","vgs","N",-0.119263620066598
"ccb85dbc642c6d57df5a334fdb7b7cc4",18,"localTop",604,6,15093,21,"F","norsk","Østlandet","norsk","norsk","vgs","N",1.28437744687106
"ccb85dbc642c6d57df5a334fdb7b7cc4",212,"LongSubjectNoIsl",97,5,9538,21,"F","norsk","Østlandet","norsk","norsk","vgs","N",0.816497091225172
"ccb85dbc642c6d57df5a334fdb7b7cc4",286,"BF",312,3,7066,21,"F","norsk","Østlandet","norsk","norsk","vgs","N",-0.119263620066598
"de2c5fbb8ebfff858f1e08d9f86a8e34",170,"LongAdjunctIsl",60,4,7717,27,"F","norsk","Østlandet","norsk","norsk","BA","N",0.106062257934389
"de2c5fbb8ebfff858f1e08d9f86a8e34",208,"LongAdjunctNoIsl",72,6,11362,27,"F","norsk","Østlandet","norsk","norsk","BA","N",0.938243050958052
"de2c5fbb8ebfff858f1e08d9f86a8e34",290,"BF",316,1,6454,27,"F","norsk","Østlandet","norsk","norsk","BA","N",-1.14220893160111
"de2c5fbb8ebfff858f1e08d9f86a8e34",99,"ShortFordiNoIsl",14,2,13582,27,"F","norsk","Østlandet","norsk","norsk","BA","N",-0.726118535089275
"de2c5fbb8ebfff858f1e08d9f86a8e34",293,"BF",319,1,8003,27,"F","norsk","Østlandet","norsk","norsk","BA","N",-1.14220893160111
"de2c5fbb8ebfff858f1e08d9f86a8e34",155,"ShortAdjunctNoIsl",57,7,18486,27,"F","norsk","Østlandet","norsk","norsk","BA","N",1.35433344746988
"de2c5fbb8ebfff858f1e08d9f86a8e34",297,"BF",323,3,6109,27,"F","norsk","Østlandet","norsk","norsk","BA","N",-0.310028138577443
"de2c5fbb8ebfff858f1e08d9f86a8e34",149,"ShortAdjunctIsl",55,7,14256,27,"F","norsk","Østlandet","norsk","norsk","BA","N",1.35433344746988
"de2c5fbb8ebfff858f1e08d9f86a8e34",72,"LongFordiNoIsl",7,7,13150,27,"F","norsk","Østlandet","norsk","norsk","BA","N",1.35433344746988
"de2c5fbb8ebfff858f1e08d9f86a8e34",298,"BF",324,1,4920,27,"F","norsk","Østlandet","norsk","norsk","BA","N",-1.14220893160111
"de2c5fbb8ebfff858f1e08d9f86a8e34",82,"LongFordiIsl",9,5,12711,27,"F","norsk","Østlandet","norsk","norsk","BA","N",0.52215265444622
"de2c5fbb8ebfff858f1e08d9f86a8e34",280,"BF",306,3,7978,27,"F","norsk","Østlandet","norsk","norsk","BA","N",-0.310028138577443
"de2c5fbb8ebfff858f1e08d9f86a8e34",186,"LongAdjunctIsl",64,6,19887,27,"F","norsk","Østlandet","norsk","norsk","BA","N",0.938243050958052
"de2c5fbb8ebfff858f1e08d9f86a8e34",302,"BF",328,4,18135,27,"F","norsk","Østlandet","norsk","norsk","BA","N",0.106062257934389
"de2c5fbb8ebfff858f1e08d9f86a8e34",144,"LongAdjunctNoIsl",54,5,13504,27,"F","norsk","Østlandet","norsk","norsk","BA","N",0.52215265444622
"de2c5fbb8ebfff858f1e08d9f86a8e34",51,"ShortFordiNoIsl",1,7,10678,27,"F","norsk","Østlandet","norsk","norsk","BA","N",1.35433344746988
"de2c5fbb8ebfff858f1e08d9f86a8e34",286,"BF",312,3,14219,27,"F","norsk","Østlandet","norsk","norsk","BA","N",-0.310028138577443
"de2c5fbb8ebfff858f1e08d9f86a8e34",109,"ShortFordiIsl",17,5,11965,27,"F","norsk","Østlandet","norsk","norsk","BA","N",0.52215265444622
"de2c5fbb8ebfff858f1e08d9f86a8e34",284,"BF",310,1,10827,27,"F","norsk","Østlandet","norsk","norsk","BA","N",-1.14220893160111
"de2c5fbb8ebfff858f1e08d9f86a8e34",245,"ShortSubjectIsl",108,6,22683,27,"F","norsk","Østlandet","norsk","norsk","BA","N",0.938243050958052
"de2c5fbb8ebfff858f1e08d9f86a8e34",300,"BF",326,2,9843,27,"F","norsk","Østlandet","norsk","norsk","BA","N",-0.726118535089275
"de2c5fbb8ebfff858f1e08d9f86a8e34",235,"ShortSubjectNoIsl",106,5,13918,27,"F","norsk","Østlandet","norsk","norsk","BA","N",0.52215265444622
"de2c5fbb8ebfff858f1e08d9f86a8e34",139,"ShortAdjunctNoIsl",53,5,16979,27,"F","norsk","Østlandet","norsk","norsk","BA","N",0.52215265444622
"de2c5fbb8ebfff858f1e08d9f86a8e34",313,"BF",207,1,10767,27,"F","norsk","Østlandet","norsk","norsk","BA","N",-1.14220893160111
"de2c5fbb8ebfff858f1e08d9f86a8e34",256,"LongSubjectNoIsl",113,7,11727,27,"F","norsk","Østlandet","norsk","norsk","BA","N",1.35433344746988
"de2c5fbb8ebfff858f1e08d9f86a8e34",15,"localTop",601,6,16866,27,"F","norsk","Østlandet","norsk","norsk","BA","N",0.938243050958052
"de2c5fbb8ebfff858f1e08d9f86a8e34",218,"LongSubjectIsl",98,1,11320,27,"F","norsk","Østlandet","norsk","norsk","BA","N",-1.14220893160111
"de2c5fbb8ebfff858f1e08d9f86a8e34",287,"BF",313,1,5437,27,"F","norsk","Østlandet","norsk","norsk","BA","N",-1.14220893160111
"de2c5fbb8ebfff858f1e08d9f86a8e34",133,"ShortAdjunctIsl",50,7,14877,27,"F","norsk","Østlandet","norsk","norsk","BA","N",1.35433344746988
"de2c5fbb8ebfff858f1e08d9f86a8e34",56,"LongFordiNoIsl",2,7,8944,27,"F","norsk","Østlandet","norsk","norsk","BA","N",1.35433344746988
"de2c5fbb8ebfff858f1e08d9f86a8e34",303,"BF",329,1,6511,27,"F","norsk","Østlandet","norsk","norsk","BA","N",-1.14220893160111
"de2c5fbb8ebfff858f1e08d9f86a8e34",154,"LongAdjunctIsl",56,6,9348,27,"F","norsk","Østlandet","norsk","norsk","BA","N",0.938243050958052
"de2c5fbb8ebfff858f1e08d9f86a8e34",310,"BF",204,1,6352,27,"F","norsk","Østlandet","norsk","norsk","BA","N",-1.14220893160111
"de2c5fbb8ebfff858f1e08d9f86a8e34",176,"LongAdjunctNoIsl",62,6,12586,27,"F","norsk","Østlandet","norsk","norsk","BA","N",0.938243050958052
"de2c5fbb8ebfff858f1e08d9f86a8e34",279,"BF",305,5,23366,27,"F","norsk","Østlandet","norsk","norsk","BA","N",0.52215265444622
"de2c5fbb8ebfff858f1e08d9f86a8e34",83,"ShortFordiNoIsl",10,7,14610,27,"F","norsk","Østlandet","norsk","norsk","BA","N",1.35433344746988
"de2c5fbb8ebfff858f1e08d9f86a8e34",77,"ShortFordiIsl",8,7,15914,27,"F","norsk","Østlandet","norsk","norsk","BA","N",1.35433344746988
"de2c5fbb8ebfff858f1e08d9f86a8e34",314,"BF",208,1,9740,27,"F","norsk","Østlandet","norsk","norsk","BA","N",-1.14220893160111
"de2c5fbb8ebfff858f1e08d9f86a8e34",213,"ShortSubjectIsl",97,5,26733,27,"F","norsk","Østlandet","norsk","norsk","BA","N",0.52215265444622
"de2c5fbb8ebfff858f1e08d9f86a8e34",277,"BF",303,2,11084,27,"F","norsk","Østlandet","norsk","norsk","BA","N",-0.726118535089275
"de2c5fbb8ebfff858f1e08d9f86a8e34",219,"ShortSubjectNoIsl",99,7,16815,27,"F","norsk","Østlandet","norsk","norsk","BA","N",1.35433344746988
"de2c5fbb8ebfff858f1e08d9f86a8e34",285,"BF",311,1,12143,27,"F","norsk","Østlandet","norsk","norsk","BA","N",-1.14220893160111
"de2c5fbb8ebfff858f1e08d9f86a8e34",32,"longWhetherNoI",20,3,8103,27,"F","norsk","Østlandet","norsk","norsk","BA","N",-0.310028138577443
"de2c5fbb8ebfff858f1e08d9f86a8e34",171,"ShortAdjunctNoIsl",61,4,13187,27,"F","norsk","Østlandet","norsk","norsk","BA","N",0.106062257934389
"de2c5fbb8ebfff858f1e08d9f86a8e34",283,"BF",309,1,8639,27,"F","norsk","Østlandet","norsk","norsk","BA","N",-1.14220893160111
"de2c5fbb8ebfff858f1e08d9f86a8e34",240,"LongSubjectNoIsl",107,4,18587,27,"F","norsk","Østlandet","norsk","norsk","BA","N",0.106062257934389
"de2c5fbb8ebfff858f1e08d9f86a8e34",294,"BF",320,1,6058,27,"F","norsk","Østlandet","norsk","norsk","BA","N",-1.14220893160111
"de2c5fbb8ebfff858f1e08d9f86a8e34",250,"LongSubjectIsl",109,1,15601,27,"F","norsk","Østlandet","norsk","norsk","BA","N",-1.14220893160111
"de2c5fbb8ebfff858f1e08d9f86a8e34",17,"localTop",603,1,6724,27,"F","norsk","Østlandet","norsk","norsk","BA","N",-1.14220893160111
"de2c5fbb8ebfff858f1e08d9f86a8e34",42,"longWhetherIsla",22,3,6575,27,"F","norsk","Østlandet","norsk","norsk","BA","N",-0.310028138577443
"de2c5fbb8ebfff858f1e08d9f86a8e34",197,"ShortAdjunctIsl",68,7,24468,27,"F","norsk","Østlandet","norsk","norsk","BA","N",1.35433344746988
"de2c5fbb8ebfff858f1e08d9f86a8e34",306,"BF",213,1,6847,27,"F","norsk","Østlandet","norsk","norsk","BA","N",-1.14220893160111
"de2c5fbb8ebfff858f1e08d9f86a8e34",104,"LongFordiNoIsl",15,4,20442,27,"F","norsk","Østlandet","norsk","norsk","BA","N",0.106062257934389
"de2c5fbb8ebfff858f1e08d9f86a8e34",291,"BF",317,1,8611,27,"F","norsk","Østlandet","norsk","norsk","BA","N",-1.14220893160111
"de2c5fbb8ebfff858f1e08d9f86a8e34",98,"LongFordiIsl",13,2,12816,27,"F","norsk","Østlandet","norsk","norsk","BA","N",-0.726118535089275
"de2c5fbb8ebfff858f1e08d9f86a8e34",307,"BF",201,1,7862,27,"F","norsk","Østlandet","norsk","norsk","BA","N",-1.14220893160111
"de2c5fbb8ebfff858f1e08d9f86a8e34",202,"LongAdjunctIsl",69,4,17210,27,"F","norsk","Østlandet","norsk","norsk","BA","N",0.106062257934389
"de2c5fbb8ebfff858f1e08d9f86a8e34",305,"BF",332,1,11665,27,"F","norsk","Østlandet","norsk","norsk","BA","N",-1.14220893160111
"de2c5fbb8ebfff858f1e08d9f86a8e34",192,"LongAdjunctNoIsl",66,6,14542,27,"F","norsk","Østlandet","norsk","norsk","BA","N",0.938243050958052
"de2c5fbb8ebfff858f1e08d9f86a8e34",127,"ShortFordiNoIsl",23,7,12535,27,"F","norsk","Østlandet","norsk","norsk","BA","N",1.35433344746988
"de2c5fbb8ebfff858f1e08d9f86a8e34",299,"BF",325,1,9849,27,"F","norsk","Østlandet","norsk","norsk","BA","N",-1.14220893160111
"de2c5fbb8ebfff858f1e08d9f86a8e34",93,"ShortFordiIsl",12,5,18795,27,"F","norsk","Østlandet","norsk","norsk","BA","N",0.52215265444622
"de2c5fbb8ebfff858f1e08d9f86a8e34",295,"BF",321,1,13201,27,"F","norsk","Østlandet","norsk","norsk","BA","N",-1.14220893160111
"de2c5fbb8ebfff858f1e08d9f86a8e34",229,"ShortSubjectIsl",103,7,20964,27,"F","norsk","Østlandet","norsk","norsk","BA","N",1.35433344746988
"de2c5fbb8ebfff858f1e08d9f86a8e34",275,"BF",301,1,6013,27,"F","norsk","Østlandet","norsk","norsk","BA","N",-1.14220893160111
"de2c5fbb8ebfff858f1e08d9f86a8e34",251,"ShortSubjectNoIsl",110,7,16501,27,"F","norsk","Østlandet","norsk","norsk","BA","N",1.35433344746988
"de2c5fbb8ebfff858f1e08d9f86a8e34",187,"ShortAdjunctNoIsl",65,7,13316,27,"F","norsk","Østlandet","norsk","norsk","BA","N",1.35433344746988
"de2c5fbb8ebfff858f1e08d9f86a8e34",292,"BF",318,1,7616,27,"F","norsk","Østlandet","norsk","norsk","BA","N",-1.14220893160111
"de2c5fbb8ebfff858f1e08d9f86a8e34",224,"LongSubjectNoIsl",100,3,14018,27,"F","norsk","Østlandet","norsk","norsk","BA","N",-0.310028138577443
"de2c5fbb8ebfff858f1e08d9f86a8e34",311,"BF",205,1,17341,27,"F","norsk","Østlandet","norsk","norsk","BA","N",-1.14220893160111
"de2c5fbb8ebfff858f1e08d9f86a8e34",266,"LongSubjectIsl",117,3,14712,27,"F","norsk","Østlandet","norsk","norsk","BA","N",-0.310028138577443
"de2c5fbb8ebfff858f1e08d9f86a8e34",276,"BF",302,1,5685,27,"F","norsk","Østlandet","norsk","norsk","BA","N",-1.14220893160111
"de2c5fbb8ebfff858f1e08d9f86a8e34",165,"ShortAdjunctIsl",59,7,7157,27,"F","norsk","Østlandet","norsk","norsk","BA","N",1.35433344746988
"de2c5fbb8ebfff858f1e08d9f86a8e34",88,"LongFordiNoIsl",11,7,7509,27,"F","norsk","Østlandet","norsk","norsk","BA","N",1.35433344746988
"de2c5fbb8ebfff858f1e08d9f86a8e34",16,"localTop",602,4,16562,27,"F","norsk","Østlandet","norsk","norsk","BA","N",0.106062257934389
"de2c5fbb8ebfff858f1e08d9f86a8e34",66,"LongFordiIsl",4,2,10457,27,"F","norsk","Østlandet","norsk","norsk","BA","N",-0.726118535089275
"de2c5fbb8ebfff858f1e08d9f86a8e34",288,"BF",314,2,9340,27,"F","norsk","Østlandet","norsk","norsk","BA","N",-0.726118535089275
"de2c5fbb8ebfff858f1e08d9f86a8e34",138,"LongAdjunctIsl",52,5,11864,27,"F","norsk","Østlandet","norsk","norsk","BA","N",0.52215265444622
"de2c5fbb8ebfff858f1e08d9f86a8e34",309,"BF",203,1,12282,27,"F","norsk","Østlandet","norsk","norsk","BA","N",-1.14220893160111
"de2c5fbb8ebfff858f1e08d9f86a8e34",160,"LongAdjunctNoIsl",58,5,14881,27,"F","norsk","Østlandet","norsk","norsk","BA","N",0.52215265444622
"de2c5fbb8ebfff858f1e08d9f86a8e34",67,"ShortFordiNoIsl",6,7,10331,27,"F","norsk","Østlandet","norsk","norsk","BA","N",1.35433344746988
"de2c5fbb8ebfff858f1e08d9f86a8e34",282,"BF",308,3,21849,27,"F","norsk","Østlandet","norsk","norsk","BA","N",-0.310028138577443
"de2c5fbb8ebfff858f1e08d9f86a8e34",61,"ShortFordiIsl",3,5,20506,27,"F","norsk","Østlandet","norsk","norsk","BA","N",0.52215265444622
"de2c5fbb8ebfff858f1e08d9f86a8e34",308,"BF",202,2,18757,27,"F","norsk","Østlandet","norsk","norsk","BA","N",-0.726118535089275
"de2c5fbb8ebfff858f1e08d9f86a8e34",261,"ShortSubjectIsl",116,7,10470,27,"F","norsk","Østlandet","norsk","norsk","BA","N",1.35433344746988
"de2c5fbb8ebfff858f1e08d9f86a8e34",289,"BF",315,2,17326,27,"F","norsk","Østlandet","norsk","norsk","BA","N",-0.726118535089275
"de2c5fbb8ebfff858f1e08d9f86a8e34",37,"shortWhetherIsl",21,4,10319,27,"F","norsk","Østlandet","norsk","norsk","BA","N",0.106062257934389
"de2c5fbb8ebfff858f1e08d9f86a8e34",267,"ShortSubjectNoIsl",118,7,15836,27,"F","norsk","Østlandet","norsk","norsk","BA","N",1.35433344746988
"de2c5fbb8ebfff858f1e08d9f86a8e34",301,"BF",327,1,14097,27,"F","norsk","Østlandet","norsk","norsk","BA","N",-1.14220893160111
"de2c5fbb8ebfff858f1e08d9f86a8e34",48,"longWhetherNoI",24,2,15354,27,"F","norsk","Østlandet","norsk","norsk","BA","N",-0.726118535089275
"de2c5fbb8ebfff858f1e08d9f86a8e34",278,"BF",304,1,7920,27,"F","norsk","Østlandet","norsk","norsk","BA","N",-1.14220893160111
"de2c5fbb8ebfff858f1e08d9f86a8e34",203,"ShortAdjunctNoIsl",71,7,13531,27,"F","norsk","Østlandet","norsk","norsk","BA","N",1.35433344746988
"de2c5fbb8ebfff858f1e08d9f86a8e34",296,"BF",322,1,25093,27,"F","norsk","Østlandet","norsk","norsk","BA","N",-1.14220893160111
"de2c5fbb8ebfff858f1e08d9f86a8e34",272,"LongSubjectNoIsl",120,6,7829,27,"F","norsk","Østlandet","norsk","norsk","BA","N",0.938243050958052
"de2c5fbb8ebfff858f1e08d9f86a8e34",234,"LongSubjectIsl",104,2,19261,27,"F","norsk","Østlandet","norsk","norsk","BA","N",-0.726118535089275
"de2c5fbb8ebfff858f1e08d9f86a8e34",281,"BF",307,1,7416,27,"F","norsk","Østlandet","norsk","norsk","BA","N",-1.14220893160111
"de2c5fbb8ebfff858f1e08d9f86a8e34",27,"shortWhetherNoI",19,6,9110,27,"F","norsk","Østlandet","norsk","norsk","BA","N",0.938243050958052
"de2c5fbb8ebfff858f1e08d9f86a8e34",312,"BF",206,1,8850,27,"F","norsk","Østlandet","norsk","norsk","BA","N",-1.14220893160111
"de2c5fbb8ebfff858f1e08d9f86a8e34",26,"longWhetherIsla",18,4,8311,27,"F","norsk","Østlandet","norsk","norsk","BA","N",0.106062257934389
"de2c5fbb8ebfff858f1e08d9f86a8e34",18,"localTop",604,7,10745,27,"F","norsk","Østlandet","norsk","norsk","BA","N",1.35433344746988
"de2c5fbb8ebfff858f1e08d9f86a8e34",181,"ShortAdjunctIsl",63,7,12743,27,"F","norsk","Østlandet","norsk","norsk","BA","N",1.35433344746988
"de2c5fbb8ebfff858f1e08d9f86a8e34",304,"BF",331,1,19288,27,"F","norsk","Østlandet","norsk","norsk","BA","N",-1.14220893160111
"e4b0b64aa943a2ce49cfeb6031fe9cf8",101,"ShortFordiIsl",14,2,28006,51,"F","norsk","Sogn","norsk","norsk","Hovudfag","N",-0.825491963572241
"e4b0b64aa943a2ce49cfeb6031fe9cf8",296,"BF",322,1,20489,51,"F","norsk","Sogn","norsk","norsk","Hovudfag","N",-1.24649286499408
"e4b0b64aa943a2ce49cfeb6031fe9cf8",146,"LongAdjunctIsl",54,6,25149,51,"F","norsk","Sogn","norsk","norsk","Hovudfag","N",0.858511642115131
"e4b0b64aa943a2ce49cfeb6031fe9cf8",283,"BF",309,1,15821,51,"F","norsk","Sogn","norsk","norsk","Hovudfag","N",-1.24649286499408
"e4b0b64aa943a2ce49cfeb6031fe9cf8",58,"LongFordiIsl",2,1,11556,51,"F","norsk","Sogn","norsk","norsk","Hovudfag","N",-1.24649286499408
"e4b0b64aa943a2ce49cfeb6031fe9cf8",298,"BF",324,1,5060,51,"F","norsk","Sogn","norsk","norsk","Hovudfag","N",-1.24649286499408
"e4b0b64aa943a2ce49cfeb6031fe9cf8",179,"ShortAdjunctNoIsl",63,4,12990,51,"F","norsk","Sogn","norsk","norsk","Hovudfag","N",0.0165098392714448
"e4b0b64aa943a2ce49cfeb6031fe9cf8",168,"LongAdjunctNoIsl",60,7,13869,51,"F","norsk","Sogn","norsk","norsk","Hovudfag","N",1.27951254353697
"e4b0b64aa943a2ce49cfeb6031fe9cf8",314,"BF",208,2,17005,51,"F","norsk","Sogn","norsk","norsk","Hovudfag","N",-0.825491963572241
"e4b0b64aa943a2ce49cfeb6031fe9cf8",173,"ShortAdjunctIsl",61,7,14526,51,"F","norsk","Sogn","norsk","norsk","Hovudfag","N",1.27951254353697
"e4b0b64aa943a2ce49cfeb6031fe9cf8",277,"BF",303,3,14478,51,"F","norsk","Sogn","norsk","norsk","Hovudfag","N",-0.404491062150398
"e4b0b64aa943a2ce49cfeb6031fe9cf8",53,"ShortFordiIsl",1,4,25541,51,"F","norsk","Sogn","norsk","norsk","Hovudfag","N",0.0165098392714448
"e4b0b64aa943a2ce49cfeb6031fe9cf8",291,"BF",317,1,10414,51,"F","norsk","Sogn","norsk","norsk","Hovudfag","N",-1.24649286499408
"e4b0b64aa943a2ce49cfeb6031fe9cf8",194,"LongAdjunctIsl",66,2,24635,51,"F","norsk","Sogn","norsk","norsk","Hovudfag","N",-0.825491963572241
"e4b0b64aa943a2ce49cfeb6031fe9cf8",106,"LongFordiIsl",15,4,25573,51,"F","norsk","Sogn","norsk","norsk","Hovudfag","N",0.0165098392714448
"e4b0b64aa943a2ce49cfeb6031fe9cf8",290,"BF",316,1,15300,51,"F","norsk","Sogn","norsk","norsk","Hovudfag","N",-1.24649286499408
"e4b0b64aa943a2ce49cfeb6031fe9cf8",163,"ShortAdjunctNoIsl",59,7,11163,51,"F","norsk","Sogn","norsk","norsk","Hovudfag","N",1.27951254353697
"e4b0b64aa943a2ce49cfeb6031fe9cf8",308,"BF",202,3,19900,51,"F","norsk","Sogn","norsk","norsk","Hovudfag","N",-0.404491062150398
"e4b0b64aa943a2ce49cfeb6031fe9cf8",216,"LongSubjectNoIsl",98,7,15753,51,"F","norsk","Sogn","norsk","norsk","Hovudfag","N",1.27951254353697
"e4b0b64aa943a2ce49cfeb6031fe9cf8",282,"BF",308,3,13254,51,"F","norsk","Sogn","norsk","norsk","Hovudfag","N",-0.404491062150398
"e4b0b64aa943a2ce49cfeb6031fe9cf8",258,"LongSubjectIsl",113,4,35482,51,"F","norsk","Sogn","norsk","norsk","Hovudfag","N",0.0165098392714448
"e4b0b64aa943a2ce49cfeb6031fe9cf8",64,"LongFordiNoIsl",4,7,6865,51,"F","norsk","Sogn","norsk","norsk","Hovudfag","N",1.27951254353697
"e4b0b64aa943a2ce49cfeb6031fe9cf8",300,"BF",326,3,14275,51,"F","norsk","Sogn","norsk","norsk","Hovudfag","N",-0.404491062150398
"e4b0b64aa943a2ce49cfeb6031fe9cf8",184,"LongAdjunctNoIsl",64,2,17338,51,"F","norsk","Sogn","norsk","norsk","Hovudfag","N",-0.825491963572241
"e4b0b64aa943a2ce49cfeb6031fe9cf8",18,"localTop",604,1,19963,51,"F","norsk","Sogn","norsk","norsk","Hovudfag","N",-1.24649286499408
"e4b0b64aa943a2ce49cfeb6031fe9cf8",91,"ShortFordiNoIsl",12,7,27135,51,"F","norsk","Sogn","norsk","norsk","Hovudfag","N",1.27951254353697
"e4b0b64aa943a2ce49cfeb6031fe9cf8",309,"BF",203,2,13304,51,"F","norsk","Sogn","norsk","norsk","Hovudfag","N",-0.825491963572241
"e4b0b64aa943a2ce49cfeb6031fe9cf8",269,"ShortSubjectIsl",118,4,24306,51,"F","norsk","Sogn","norsk","norsk","Hovudfag","N",0.0165098392714448
"e4b0b64aa943a2ce49cfeb6031fe9cf8",259,"ShortSubjectNoIsl",116,6,33295,51,"F","norsk","Sogn","norsk","norsk","Hovudfag","N",0.858511642115131
"e4b0b64aa943a2ce49cfeb6031fe9cf8",304,"BF",331,1,8757,51,"F","norsk","Sogn","norsk","norsk","Hovudfag","N",-1.24649286499408
"e4b0b64aa943a2ce49cfeb6031fe9cf8",205,"ShortAdjunctIsl",71,3,29373,51,"F","norsk","Sogn","norsk","norsk","Hovudfag","N",-0.404491062150398
"e4b0b64aa943a2ce49cfeb6031fe9cf8",280,"BF",306,2,7954,51,"F","norsk","Sogn","norsk","norsk","Hovudfag","N",-0.825491963572241
"e4b0b64aa943a2ce49cfeb6031fe9cf8",24,"longWhetherNoI",18,5,17580,51,"F","norsk","Sogn","norsk","norsk","Hovudfag","N",0.437510740693288
"e4b0b64aa943a2ce49cfeb6031fe9cf8",275,"BF",301,1,15336,51,"F","norsk","Sogn","norsk","norsk","Hovudfag","N",-1.24649286499408
"e4b0b64aa943a2ce49cfeb6031fe9cf8",85,"ShortFordiIsl",10,7,12772,51,"F","norsk","Sogn","norsk","norsk","Hovudfag","N",1.27951254353697
"e4b0b64aa943a2ce49cfeb6031fe9cf8",162,"LongAdjunctIsl",58,6,25978,51,"F","norsk","Sogn","norsk","norsk","Hovudfag","N",0.858511642115131
"e4b0b64aa943a2ce49cfeb6031fe9cf8",303,"BF",329,2,15824,51,"F","norsk","Sogn","norsk","norsk","Hovudfag","N",-0.825491963572241
"e4b0b64aa943a2ce49cfeb6031fe9cf8",90,"LongFordiIsl",11,4,28893,51,"F","norsk","Sogn","norsk","norsk","Hovudfag","N",0.0165098392714448
"e4b0b64aa943a2ce49cfeb6031fe9cf8",289,"BF",315,7,29184,51,"F","norsk","Sogn","norsk","norsk","Hovudfag","N",1.27951254353697
"e4b0b64aa943a2ce49cfeb6031fe9cf8",131,"ShortAdjunctNoIsl",50,7,10260,51,"F","norsk","Sogn","norsk","norsk","Hovudfag","N",1.27951254353697
"e4b0b64aa943a2ce49cfeb6031fe9cf8",305,"BF",332,1,35561,51,"F","norsk","Sogn","norsk","norsk","Hovudfag","N",-1.24649286499408
"e4b0b64aa943a2ce49cfeb6031fe9cf8",248,"LongSubjectNoIsl",109,6,19262,51,"F","norsk","Sogn","norsk","norsk","Hovudfag","N",0.858511642115131
"e4b0b64aa943a2ce49cfeb6031fe9cf8",242,"LongSubjectIsl",107,1,20226,51,"F","norsk","Sogn","norsk","norsk","Hovudfag","N",-1.24649286499408
"e4b0b64aa943a2ce49cfeb6031fe9cf8",278,"BF",304,1,8461,51,"F","norsk","Sogn","norsk","norsk","Hovudfag","N",-1.24649286499408
"e4b0b64aa943a2ce49cfeb6031fe9cf8",200,"LongAdjunctNoIsl",69,6,22947,51,"F","norsk","Sogn","norsk","norsk","Hovudfag","N",0.858511642115131
"e4b0b64aa943a2ce49cfeb6031fe9cf8",295,"BF",321,3,27530,51,"F","norsk","Sogn","norsk","norsk","Hovudfag","N",-0.404491062150398
"e4b0b64aa943a2ce49cfeb6031fe9cf8",107,"ShortFordiNoIsl",17,7,14743,51,"F","norsk","Sogn","norsk","norsk","Hovudfag","N",1.27951254353697
"e4b0b64aa943a2ce49cfeb6031fe9cf8",15,"localTop",601,7,9431,51,"F","norsk","Sogn","norsk","norsk","Hovudfag","N",1.27951254353697
"e4b0b64aa943a2ce49cfeb6031fe9cf8",221,"ShortSubjectIsl",99,6,23201,51,"F","norsk","Sogn","norsk","norsk","Hovudfag","N",0.858511642115131
"e4b0b64aa943a2ce49cfeb6031fe9cf8",227,"ShortSubjectNoIsl",103,7,29005,51,"F","norsk","Sogn","norsk","norsk","Hovudfag","N",1.27951254353697
"e4b0b64aa943a2ce49cfeb6031fe9cf8",294,"BF",320,1,7539,51,"F","norsk","Sogn","norsk","norsk","Hovudfag","N",-1.24649286499408
"e4b0b64aa943a2ce49cfeb6031fe9cf8",141,"ShortAdjunctIsl",53,6,23778,51,"F","norsk","Sogn","norsk","norsk","Hovudfag","N",0.858511642115131
"e4b0b64aa943a2ce49cfeb6031fe9cf8",281,"BF",307,1,8288,51,"F","norsk","Sogn","norsk","norsk","Hovudfag","N",-1.24649286499408
"e4b0b64aa943a2ce49cfeb6031fe9cf8",113,"ShortFordiIsl",19,3,15400,51,"F","norsk","Sogn","norsk","norsk","Hovudfag","N",-0.404491062150398
"e4b0b64aa943a2ce49cfeb6031fe9cf8",307,"BF",201,1,5963,51,"F","norsk","Sogn","norsk","norsk","Hovudfag","N",-1.24649286499408
"e4b0b64aa943a2ce49cfeb6031fe9cf8",178,"LongAdjunctIsl",62,4,14038,51,"F","norsk","Sogn","norsk","norsk","Hovudfag","N",0.0165098392714448
"e4b0b64aa943a2ce49cfeb6031fe9cf8",285,"BF",311,2,34094,51,"F","norsk","Sogn","norsk","norsk","Hovudfag","N",-0.825491963572241
"e4b0b64aa943a2ce49cfeb6031fe9cf8",74,"LongFordiIsl",7,7,10902,51,"F","norsk","Sogn","norsk","norsk","Hovudfag","N",1.27951254353697
"e4b0b64aa943a2ce49cfeb6031fe9cf8",147,"ShortAdjunctNoIsl",55,7,15476,51,"F","norsk","Sogn","norsk","norsk","Hovudfag","N",1.27951254353697
"e4b0b64aa943a2ce49cfeb6031fe9cf8",293,"BF",319,2,7706,51,"F","norsk","Sogn","norsk","norsk","Hovudfag","N",-0.825491963572241
"e4b0b64aa943a2ce49cfeb6031fe9cf8",264,"LongSubjectNoIsl",117,3,15995,51,"F","norsk","Sogn","norsk","norsk","Hovudfag","N",-0.404491062150398
"e4b0b64aa943a2ce49cfeb6031fe9cf8",306,"BF",213,2,11916,51,"F","norsk","Sogn","norsk","norsk","Hovudfag","N",-0.825491963572241
"e4b0b64aa943a2ce49cfeb6031fe9cf8",226,"LongSubjectIsl",100,1,31075,51,"F","norsk","Sogn","norsk","norsk","Hovudfag","N",-1.24649286499408
"e4b0b64aa943a2ce49cfeb6031fe9cf8",310,"BF",204,2,31075,51,"F","norsk","Sogn","norsk","norsk","Hovudfag","N",-0.825491963572241
"e4b0b64aa943a2ce49cfeb6031fe9cf8",96,"LongFordiNoIsl",13,7,9807,51,"F","norsk","Sogn","norsk","norsk","Hovudfag","N",1.27951254353697
"e4b0b64aa943a2ce49cfeb6031fe9cf8",152,"LongAdjunctNoIsl",56,7,24229,51,"F","norsk","Sogn","norsk","norsk","Hovudfag","N",1.27951254353697
"e4b0b64aa943a2ce49cfeb6031fe9cf8",284,"BF",310,1,8288,51,"F","norsk","Sogn","norsk","norsk","Hovudfag","N",-1.24649286499408
"e4b0b64aa943a2ce49cfeb6031fe9cf8",59,"ShortFordiNoIsl",3,7,16665,51,"F","norsk","Sogn","norsk","norsk","Hovudfag","N",1.27951254353697
"e4b0b64aa943a2ce49cfeb6031fe9cf8",276,"BF",302,2,9132,51,"F","norsk","Sogn","norsk","norsk","Hovudfag","N",-0.825491963572241
"e4b0b64aa943a2ce49cfeb6031fe9cf8",253,"ShortSubjectIsl",110,6,22964,51,"F","norsk","Sogn","norsk","norsk","Hovudfag","N",0.858511642115131
"e4b0b64aa943a2ce49cfeb6031fe9cf8",311,"BF",205,2,14384,51,"F","norsk","Sogn","norsk","norsk","Hovudfag","N",-0.825491963572241
"e4b0b64aa943a2ce49cfeb6031fe9cf8",211,"ShortSubjectNoIsl",97,3,20448,51,"F","norsk","Sogn","norsk","norsk","Hovudfag","N",-0.404491062150398
"e4b0b64aa943a2ce49cfeb6031fe9cf8",189,"ShortAdjunctIsl",65,7,11603,51,"F","norsk","Sogn","norsk","norsk","Hovudfag","N",1.27951254353697
"e4b0b64aa943a2ce49cfeb6031fe9cf8",17,"localTop",603,2,9794,51,"F","norsk","Sogn","norsk","norsk","Hovudfag","N",-0.825491963572241
"e4b0b64aa943a2ce49cfeb6031fe9cf8",40,"longWhetherNoI",22,4,26138,51,"F","norsk","Sogn","norsk","norsk","Hovudfag","N",0.0165098392714448
"e4b0b64aa943a2ce49cfeb6031fe9cf8",288,"BF",314,1,20073,51,"F","norsk","Sogn","norsk","norsk","Hovudfag","N",-1.24649286499408
"e4b0b64aa943a2ce49cfeb6031fe9cf8",69,"ShortFordiIsl",6,7,10133,51,"F","norsk","Sogn","norsk","norsk","Hovudfag","N",1.27951254353697
"e4b0b64aa943a2ce49cfeb6031fe9cf8",279,"BF",305,7,4193,51,"F","norsk","Sogn","norsk","norsk","Hovudfag","N",1.27951254353697
"e4b0b64aa943a2ce49cfeb6031fe9cf8",210,"LongAdjunctIsl",72,4,15980,51,"F","norsk","Sogn","norsk","norsk","Hovudfag","N",0.0165098392714448
"e4b0b64aa943a2ce49cfeb6031fe9cf8",118,"LongFordiIsl",20,3,19541,51,"F","norsk","Sogn","norsk","norsk","Hovudfag","N",-0.404491062150398
"e4b0b64aa943a2ce49cfeb6031fe9cf8",302,"BF",328,5,17320,51,"F","norsk","Sogn","norsk","norsk","Hovudfag","N",0.437510740693288
"e4b0b64aa943a2ce49cfeb6031fe9cf8",45,"shortWhetherIsl",23,7,11501,51,"F","norsk","Sogn","norsk","norsk","Hovudfag","N",1.27951254353697
"e4b0b64aa943a2ce49cfeb6031fe9cf8",286,"BF",312,7,9681,51,"F","norsk","Sogn","norsk","norsk","Hovudfag","N",1.27951254353697
"e4b0b64aa943a2ce49cfeb6031fe9cf8",195,"ShortAdjunctNoIsl",68,7,9244,51,"F","norsk","Sogn","norsk","norsk","Hovudfag","N",1.27951254353697
"e4b0b64aa943a2ce49cfeb6031fe9cf8",292,"BF",318,1,17384,51,"F","norsk","Sogn","norsk","norsk","Hovudfag","N",-1.24649286499408
"e4b0b64aa943a2ce49cfeb6031fe9cf8",35,"shortWhetherNoI",21,5,39925,51,"F","norsk","Sogn","norsk","norsk","Hovudfag","N",0.437510740693288
"e4b0b64aa943a2ce49cfeb6031fe9cf8",232,"LongSubjectNoIsl",104,7,13761,51,"F","norsk","Sogn","norsk","norsk","Hovudfag","N",1.27951254353697
"e4b0b64aa943a2ce49cfeb6031fe9cf8",287,"BF",313,1,11036,51,"F","norsk","Sogn","norsk","norsk","Hovudfag","N",-1.24649286499408
"e4b0b64aa943a2ce49cfeb6031fe9cf8",274,"LongSubjectIsl",120,3,25071,51,"F","norsk","Sogn","norsk","norsk","Hovudfag","N",-0.404491062150398
"e4b0b64aa943a2ce49cfeb6031fe9cf8",299,"BF",325,2,11962,51,"F","norsk","Sogn","norsk","norsk","Hovudfag","N",-0.825491963572241
"e4b0b64aa943a2ce49cfeb6031fe9cf8",80,"LongFordiNoIsl",9,7,12774,51,"F","norsk","Sogn","norsk","norsk","Hovudfag","N",1.27951254353697
"e4b0b64aa943a2ce49cfeb6031fe9cf8",312,"BF",206,2,23969,51,"F","norsk","Sogn","norsk","norsk","Hovudfag","N",-0.825491963572241
"e4b0b64aa943a2ce49cfeb6031fe9cf8",136,"LongAdjunctNoIsl",52,7,9789,51,"F","norsk","Sogn","norsk","norsk","Hovudfag","N",1.27951254353697
"e4b0b64aa943a2ce49cfeb6031fe9cf8",75,"ShortFordiNoIsl",8,3,19386,51,"F","norsk","Sogn","norsk","norsk","Hovudfag","N",-0.404491062150398
"e4b0b64aa943a2ce49cfeb6031fe9cf8",297,"BF",323,2,6696,51,"F","norsk","Sogn","norsk","norsk","Hovudfag","N",-0.825491963572241
"e4b0b64aa943a2ce49cfeb6031fe9cf8",237,"ShortSubjectIsl",106,7,14726,51,"F","norsk","Sogn","norsk","norsk","Hovudfag","N",1.27951254353697
"e4b0b64aa943a2ce49cfeb6031fe9cf8",313,"BF",207,1,13698,51,"F","norsk","Sogn","norsk","norsk","Hovudfag","N",-1.24649286499408
"e4b0b64aa943a2ce49cfeb6031fe9cf8",243,"ShortSubjectNoIsl",108,5,29340,51,"F","norsk","Sogn","norsk","norsk","Hovudfag","N",0.437510740693288
"e4b0b64aa943a2ce49cfeb6031fe9cf8",16,"localTop",602,4,27600,51,"F","norsk","Sogn","norsk","norsk","Hovudfag","N",0.0165098392714448
"e4b0b64aa943a2ce49cfeb6031fe9cf8",157,"ShortAdjunctIsl",57,7,10952,51,"F","norsk","Sogn","norsk","norsk","Hovudfag","N",1.27951254353697
"e4b0b64aa943a2ce49cfeb6031fe9cf8",301,"BF",327,2,12527,51,"F","norsk","Sogn","norsk","norsk","Hovudfag","N",-0.825491963572241
"e4b0b64aa943a2ce49cfeb6031fe9cf8",50,"longWhetherIsla",24,7,16275,51,"F","norsk","Sogn","norsk","norsk","Hovudfag","N",1.27951254353697
"fa8dfeabc661ad062920e22444022136",155,"ShortAdjunctNoIsl",57,7,9397,19,"F","Russisk","Sunnmørsk","Russisk","Russisk","vgs","N",1.45656145125573
"fa8dfeabc661ad062920e22444022136",67,"ShortFordiNoIsl",6,7,10396,19,"F","Russisk","Sunnmørsk","Russisk","Russisk","vgs","N",1.45656145125573
"fa8dfeabc661ad062920e22444022136",292,"BF",318,1,11559,19,"F","Russisk","Sunnmørsk","Russisk","Russisk","vgs","N",-1.35547516757237
"fa8dfeabc661ad062920e22444022136",56,"LongFordiNoIsl",2,7,4502,19,"F","Russisk","Sunnmørsk","Russisk","Russisk","vgs","N",1.45656145125573
"fa8dfeabc661ad062920e22444022136",278,"BF",304,1,4996,19,"F","Russisk","Sunnmørsk","Russisk","Russisk","vgs","N",-1.35547516757237
"fa8dfeabc661ad062920e22444022136",149,"ShortAdjunctIsl",55,1,12108,19,"F","Russisk","Sunnmørsk","Russisk","Russisk","vgs","N",-1.35547516757237
"fa8dfeabc661ad062920e22444022136",304,"BF",331,4,7173,19,"F","Russisk","Sunnmørsk","Russisk","Russisk","vgs","N",0.0505431418416815
"fa8dfeabc661ad062920e22444022136",144,"LongAdjunctNoIsl",54,5,9953,19,"F","Russisk","Sunnmørsk","Russisk","Russisk","vgs","N",0.519215911646364
"fa8dfeabc661ad062920e22444022136",154,"LongAdjunctIsl",56,7,10718,19,"F","Russisk","Sunnmørsk","Russisk","Russisk","vgs","N",1.45656145125573
"fa8dfeabc661ad062920e22444022136",308,"BF",202,4,6437,19,"F","Russisk","Sunnmørsk","Russisk","Russisk","vgs","N",0.0505431418416815
"fa8dfeabc661ad062920e22444022136",126,"LongFordiIsl",22,1,6403,19,"F","Russisk","Sunnmørsk","Russisk","Russisk","vgs","N",-1.35547516757237
"fa8dfeabc661ad062920e22444022136",313,"BF",207,1,7225,19,"F","Russisk","Sunnmørsk","Russisk","Russisk","vgs","N",-1.35547516757237
"fa8dfeabc661ad062920e22444022136",203,"ShortAdjunctNoIsl",71,7,6781,19,"F","Russisk","Sunnmørsk","Russisk","Russisk","vgs","N",1.45656145125573
"fa8dfeabc661ad062920e22444022136",277,"BF",303,3,10898,19,"F","Russisk","Sunnmørsk","Russisk","Russisk","vgs","N",-0.418129627963001
"fa8dfeabc661ad062920e22444022136",234,"LongSubjectIsl",104,3,17230,19,"F","Russisk","Sunnmørsk","Russisk","Russisk","vgs","N",-0.418129627963001
"fa8dfeabc661ad062920e22444022136",111,"ShortFordiNoIsl",19,7,4427,19,"F","Russisk","Sunnmørsk","Russisk","Russisk","vgs","N",1.45656145125573
"fa8dfeabc661ad062920e22444022136",302,"BF",328,6,7025,19,"F","Russisk","Sunnmørsk","Russisk","Russisk","vgs","N",0.987888681451047
"fa8dfeabc661ad062920e22444022136",116,"LongFordiNoIsl",20,3,9038,19,"F","Russisk","Sunnmørsk","Russisk","Russisk","vgs","N",-0.418129627963001
"fa8dfeabc661ad062920e22444022136",305,"BF",332,3,27038,19,"F","Russisk","Sunnmørsk","Russisk","Russisk","vgs","N",-0.418129627963001
"fa8dfeabc661ad062920e22444022136",121,"ShortFordiIsl",21,7,5664,19,"F","Russisk","Sunnmørsk","Russisk","Russisk","vgs","N",1.45656145125573
"fa8dfeabc661ad062920e22444022136",285,"BF",311,5,6969,19,"F","Russisk","Sunnmørsk","Russisk","Russisk","vgs","N",0.519215911646364
"fa8dfeabc661ad062920e22444022136",267,"ShortSubjectNoIsl",118,5,9195,19,"F","Russisk","Sunnmørsk","Russisk","Russisk","vgs","N",0.519215911646364
"fa8dfeabc661ad062920e22444022136",133,"ShortAdjunctIsl",50,7,8327,19,"F","Russisk","Sunnmørsk","Russisk","Russisk","vgs","N",1.45656145125573
"fa8dfeabc661ad062920e22444022136",301,"BF",327,7,4233,19,"F","Russisk","Sunnmørsk","Russisk","Russisk","vgs","N",1.45656145125573
"fa8dfeabc661ad062920e22444022136",224,"LongSubjectNoIsl",100,6,9541,19,"F","Russisk","Sunnmørsk","Russisk","Russisk","vgs","N",0.987888681451047
"fa8dfeabc661ad062920e22444022136",284,"BF",310,2,4955,19,"F","Russisk","Sunnmørsk","Russisk","Russisk","vgs","N",-0.886802397767684
"fa8dfeabc661ad062920e22444022136",245,"ShortSubjectIsl",108,7,8631,19,"F","Russisk","Sunnmørsk","Russisk","Russisk","vgs","N",1.45656145125573
"fa8dfeabc661ad062920e22444022136",16,"localTop",602,3,6577,19,"F","Russisk","Sunnmørsk","Russisk","Russisk","vgs","N",-0.418129627963001
"fa8dfeabc661ad062920e22444022136",176,"LongAdjunctNoIsl",62,5,13218,19,"F","Russisk","Sunnmørsk","Russisk","Russisk","vgs","N",0.519215911646364
"fa8dfeabc661ad062920e22444022136",170,"LongAdjunctIsl",60,4,7817,19,"F","Russisk","Sunnmørsk","Russisk","Russisk","vgs","N",0.0505431418416815
"fa8dfeabc661ad062920e22444022136",294,"BF",320,3,5034,19,"F","Russisk","Sunnmørsk","Russisk","Russisk","vgs","N",-0.418129627963001
"fa8dfeabc661ad062920e22444022136",82,"LongFordiIsl",9,5,7670,19,"F","Russisk","Sunnmørsk","Russisk","Russisk","vgs","N",0.519215911646364
"fa8dfeabc661ad062920e22444022136",293,"BF",319,2,5315,19,"F","Russisk","Sunnmørsk","Russisk","Russisk","vgs","N",-0.886802397767684
"fa8dfeabc661ad062920e22444022136",187,"ShortAdjunctNoIsl",65,6,10228,19,"F","Russisk","Sunnmørsk","Russisk","Russisk","vgs","N",0.987888681451047
"fa8dfeabc661ad062920e22444022136",283,"BF",309,4,6808,19,"F","Russisk","Sunnmørsk","Russisk","Russisk","vgs","N",0.0505431418416815
"fa8dfeabc661ad062920e22444022136",250,"LongSubjectIsl",109,3,7499,19,"F","Russisk","Sunnmørsk","Russisk","Russisk","vgs","N",-0.418129627963001
"fa8dfeabc661ad062920e22444022136",99,"ShortFordiNoIsl",14,5,16814,19,"F","Russisk","Sunnmørsk","Russisk","Russisk","vgs","N",0.519215911646364
"fa8dfeabc661ad062920e22444022136",275,"BF",301,1,3443,19,"F","Russisk","Sunnmørsk","Russisk","Russisk","vgs","N",-1.35547516757237
"fa8dfeabc661ad062920e22444022136",88,"LongFordiNoIsl",11,6,8048,19,"F","Russisk","Sunnmørsk","Russisk","Russisk","vgs","N",0.987888681451047
"fa8dfeabc661ad062920e22444022136",314,"BF",208,6,7496,19,"F","Russisk","Sunnmørsk","Russisk","Russisk","vgs","N",0.987888681451047
"fa8dfeabc661ad062920e22444022136",77,"ShortFordiIsl",8,7,7163,19,"F","Russisk","Sunnmørsk","Russisk","Russisk","vgs","N",1.45656145125573
"fa8dfeabc661ad062920e22444022136",299,"BF",325,1,3820,19,"F","Russisk","Sunnmørsk","Russisk","Russisk","vgs","N",-1.35547516757237
"fa8dfeabc661ad062920e22444022136",235,"ShortSubjectNoIsl",106,5,7180,19,"F","Russisk","Sunnmørsk","Russisk","Russisk","vgs","N",0.519215911646364
"fa8dfeabc661ad062920e22444022136",181,"ShortAdjunctIsl",63,7,8709,19,"F","Russisk","Sunnmørsk","Russisk","Russisk","vgs","N",1.45656145125573
"fa8dfeabc661ad062920e22444022136",298,"BF",324,1,4378,19,"F","Russisk","Sunnmørsk","Russisk","Russisk","vgs","N",-1.35547516757237
"fa8dfeabc661ad062920e22444022136",272,"LongSubjectNoIsl",120,3,7879,19,"F","Russisk","Sunnmørsk","Russisk","Russisk","vgs","N",-0.418129627963001
"fa8dfeabc661ad062920e22444022136",295,"BF",321,2,5417,19,"F","Russisk","Sunnmørsk","Russisk","Russisk","vgs","N",-0.886802397767684
"fa8dfeabc661ad062920e22444022136",261,"ShortSubjectIsl",116,7,6234,19,"F","Russisk","Sunnmørsk","Russisk","Russisk","vgs","N",1.45656145125573
"fa8dfeabc661ad062920e22444022136",280,"BF",306,2,6130,19,"F","Russisk","Sunnmørsk","Russisk","Russisk","vgs","N",-0.886802397767684
"fa8dfeabc661ad062920e22444022136",192,"LongAdjunctNoIsl",66,2,8576,19,"F","Russisk","Sunnmørsk","Russisk","Russisk","vgs","N",-0.886802397767684
"fa8dfeabc661ad062920e22444022136",202,"LongAdjunctIsl",69,3,8046,19,"F","Russisk","Sunnmørsk","Russisk","Russisk","vgs","N",-0.418129627963001
"fa8dfeabc661ad062920e22444022136",15,"localTop",601,2,5770,19,"F","Russisk","Sunnmørsk","Russisk","Russisk","vgs","N",-0.886802397767684
"fa8dfeabc661ad062920e22444022136",98,"LongFordiIsl",13,2,5811,19,"F","Russisk","Sunnmørsk","Russisk","Russisk","vgs","N",-0.886802397767684
"fa8dfeabc661ad062920e22444022136",312,"BF",206,2,8211,19,"F","Russisk","Sunnmørsk","Russisk","Russisk","vgs","N",-0.886802397767684
"fa8dfeabc661ad062920e22444022136",171,"ShortAdjunctNoIsl",61,6,7343,19,"F","Russisk","Sunnmørsk","Russisk","Russisk","vgs","N",0.987888681451047
"fa8dfeabc661ad062920e22444022136",303,"BF",329,1,5684,19,"F","Russisk","Sunnmørsk","Russisk","Russisk","vgs","N",-1.35547516757237
"fa8dfeabc661ad062920e22444022136",218,"LongSubjectIsl",98,1,7894,19,"F","Russisk","Sunnmørsk","Russisk","Russisk","vgs","N",-1.35547516757237
"fa8dfeabc661ad062920e22444022136",290,"BF",316,1,5558,19,"F","Russisk","Sunnmørsk","Russisk","Russisk","vgs","N",-1.35547516757237
"fa8dfeabc661ad062920e22444022136",51,"ShortFordiNoIsl",1,5,7394,19,"F","Russisk","Sunnmørsk","Russisk","Russisk","vgs","N",0.519215911646364
"fa8dfeabc661ad062920e22444022136",104,"LongFordiNoIsl",15,6,5841,19,"F","Russisk","Sunnmørsk","Russisk","Russisk","vgs","N",0.987888681451047
"fa8dfeabc661ad062920e22444022136",281,"BF",307,1,5758,19,"F","Russisk","Sunnmørsk","Russisk","Russisk","vgs","N",-1.35547516757237
"fa8dfeabc661ad062920e22444022136",61,"ShortFordiIsl",3,7,5957,19,"F","Russisk","Sunnmørsk","Russisk","Russisk","vgs","N",1.45656145125573
"fa8dfeabc661ad062920e22444022136",309,"BF",203,3,11853,19,"F","Russisk","Sunnmørsk","Russisk","Russisk","vgs","N",-0.418129627963001
"fa8dfeabc661ad062920e22444022136",219,"ShortSubjectNoIsl",99,2,8405,19,"F","Russisk","Sunnmørsk","Russisk","Russisk","vgs","N",-0.886802397767684
"fa8dfeabc661ad062920e22444022136",291,"BF",317,4,9740,19,"F","Russisk","Sunnmørsk","Russisk","Russisk","vgs","N",0.0505431418416815
"fa8dfeabc661ad062920e22444022136",165,"ShortAdjunctIsl",59,7,6827,19,"F","Russisk","Sunnmørsk","Russisk","Russisk","vgs","N",1.45656145125573
"fa8dfeabc661ad062920e22444022136",240,"LongSubjectNoIsl",107,4,6620,19,"F","Russisk","Sunnmørsk","Russisk","Russisk","vgs","N",0.0505431418416815
"fa8dfeabc661ad062920e22444022136",300,"BF",326,4,6490,19,"F","Russisk","Sunnmørsk","Russisk","Russisk","vgs","N",0.0505431418416815
"fa8dfeabc661ad062920e22444022136",213,"ShortSubjectIsl",97,4,6208,19,"F","Russisk","Sunnmørsk","Russisk","Russisk","vgs","N",0.0505431418416815
"fa8dfeabc661ad062920e22444022136",286,"BF",312,6,8040,19,"F","Russisk","Sunnmørsk","Russisk","Russisk","vgs","N",0.987888681451047
"fa8dfeabc661ad062920e22444022136",208,"LongAdjunctNoIsl",72,5,6328,19,"F","Russisk","Sunnmørsk","Russisk","Russisk","vgs","N",0.519215911646364
"fa8dfeabc661ad062920e22444022136",289,"BF",315,2,7171,19,"F","Russisk","Sunnmørsk","Russisk","Russisk","vgs","N",-0.886802397767684
"fa8dfeabc661ad062920e22444022136",186,"LongAdjunctIsl",64,3,8095,19,"F","Russisk","Sunnmørsk","Russisk","Russisk","vgs","N",-0.418129627963001
"fa8dfeabc661ad062920e22444022136",66,"LongFordiIsl",4,2,7021,19,"F","Russisk","Sunnmørsk","Russisk","Russisk","vgs","N",-0.886802397767684
"fa8dfeabc661ad062920e22444022136",279,"BF",305,3,6695,19,"F","Russisk","Sunnmørsk","Russisk","Russisk","vgs","N",-0.418129627963001
"fa8dfeabc661ad062920e22444022136",21,"shortWhetherIsl",17,6,4710,19,"F","Russisk","Sunnmørsk","Russisk","Russisk","vgs","N",0.987888681451047
"fa8dfeabc661ad062920e22444022136",18,"localTop",604,6,11182,19,"F","Russisk","Sunnmørsk","Russisk","Russisk","vgs","N",0.987888681451047
"fa8dfeabc661ad062920e22444022136",43,"shortWhetherNoI",23,7,5173,19,"F","Russisk","Sunnmørsk","Russisk","Russisk","vgs","N",1.45656145125573
"fa8dfeabc661ad062920e22444022136",287,"BF",313,1,3375,19,"F","Russisk","Sunnmørsk","Russisk","Russisk","vgs","N",-1.35547516757237
"fa8dfeabc661ad062920e22444022136",139,"ShortAdjunctNoIsl",53,5,6588,19,"F","Russisk","Sunnmørsk","Russisk","Russisk","vgs","N",0.519215911646364
"fa8dfeabc661ad062920e22444022136",266,"LongSubjectIsl",117,3,8667,19,"F","Russisk","Sunnmørsk","Russisk","Russisk","vgs","N",-0.418129627963001
"fa8dfeabc661ad062920e22444022136",296,"BF",322,1,7178,19,"F","Russisk","Sunnmørsk","Russisk","Russisk","vgs","N",-1.35547516757237
"fa8dfeabc661ad062920e22444022136",83,"ShortFordiNoIsl",10,7,4860,19,"F","Russisk","Sunnmørsk","Russisk","Russisk","vgs","N",1.45656145125573
"fa8dfeabc661ad062920e22444022136",310,"BF",204,2,8489,19,"F","Russisk","Sunnmørsk","Russisk","Russisk","vgs","N",-0.886802397767684
"fa8dfeabc661ad062920e22444022136",72,"LongFordiNoIsl",7,3,24830,19,"F","Russisk","Sunnmørsk","Russisk","Russisk","vgs","N",-0.418129627963001
"fa8dfeabc661ad062920e22444022136",311,"BF",205,1,14029,19,"F","Russisk","Sunnmørsk","Russisk","Russisk","vgs","N",-1.35547516757237
"fa8dfeabc661ad062920e22444022136",93,"ShortFordiIsl",12,4,17640,19,"F","Russisk","Sunnmørsk","Russisk","Russisk","vgs","N",0.0505431418416815
"fa8dfeabc661ad062920e22444022136",48,"longWhetherNoI",24,3,6121,19,"F","Russisk","Sunnmørsk","Russisk","Russisk","vgs","N",-0.418129627963001
"fa8dfeabc661ad062920e22444022136",282,"BF",308,1,4958,19,"F","Russisk","Sunnmørsk","Russisk","Russisk","vgs","N",-1.35547516757237
"fa8dfeabc661ad062920e22444022136",251,"ShortSubjectNoIsl",110,5,12677,19,"F","Russisk","Sunnmørsk","Russisk","Russisk","vgs","N",0.519215911646364
"fa8dfeabc661ad062920e22444022136",288,"BF",314,3,4860,19,"F","Russisk","Sunnmørsk","Russisk","Russisk","vgs","N",-0.418129627963001
"fa8dfeabc661ad062920e22444022136",26,"longWhetherIsla",18,3,13318,19,"F","Russisk","Sunnmørsk","Russisk","Russisk","vgs","N",-0.418129627963001
"fa8dfeabc661ad062920e22444022136",307,"BF",201,3,3150,19,"F","Russisk","Sunnmørsk","Russisk","Russisk","vgs","N",-0.418129627963001
"fa8dfeabc661ad062920e22444022136",197,"ShortAdjunctIsl",68,1,8309,19,"F","Russisk","Sunnmørsk","Russisk","Russisk","vgs","N",-1.35547516757237
"fa8dfeabc661ad062920e22444022136",256,"LongSubjectNoIsl",113,5,9555,19,"F","Russisk","Sunnmørsk","Russisk","Russisk","vgs","N",0.519215911646364
"fa8dfeabc661ad062920e22444022136",306,"BF",213,2,6361,19,"F","Russisk","Sunnmørsk","Russisk","Russisk","vgs","N",-0.886802397767684
"fa8dfeabc661ad062920e22444022136",229,"ShortSubjectIsl",103,7,5808,19,"F","Russisk","Sunnmørsk","Russisk","Russisk","vgs","N",1.45656145125573
"fa8dfeabc661ad062920e22444022136",297,"BF",323,7,6194,19,"F","Russisk","Sunnmørsk","Russisk","Russisk","vgs","N",1.45656145125573
"fa8dfeabc661ad062920e22444022136",160,"LongAdjunctNoIsl",58,5,8676,19,"F","Russisk","Sunnmørsk","Russisk","Russisk","vgs","N",0.519215911646364
"fa8dfeabc661ad062920e22444022136",276,"BF",302,2,3692,19,"F","Russisk","Sunnmørsk","Russisk","Russisk","vgs","N",-0.886802397767684
"fa8dfeabc661ad062920e22444022136",138,"LongAdjunctIsl",52,3,6371,19,"F","Russisk","Sunnmørsk","Russisk","Russisk","vgs","N",-0.418129627963001
"fa8dfeabc661ad062920e22444022136",17,"localTop",603,1,3605,19,"F","Russisk","Sunnmørsk","Russisk","Russisk","vgs","N",-1.35547516757237
